"","protname","prot_species.specificity.index","mean_host_species.specificity.index","mean_host_weighted.betweenness","parcommsize","propparcommzoon","prophostzoon","n_ecoregions","main_biome","tm_close","tm_vector","tm_intermediate","parorder","parfamily","protWOS","zoostat","num_tm","med_host_fairProp","med_host_DietBreadth","med_host_TrophicLevel","med_host_GR_Area_Combined_IUCN_preferred","med_host_InterbirthInterval","med_host_PopulationDensity","med_host_HuPopDen_Mean_n.km2","med_host_Precip_Mean_mm","med_host_Temp_Mean_01degC","med_host_Island.Endemicity","med_host_Diet.Invertebrate","med_host_numparzoons","intra_extra","dom_host","flagella","cyst","sexual","numsys"
"1","Babesia bigemina",0.706313616,0.194866542,0.003478964,64,0.109375,1,2,7,0,1,0,"Achromatorida","Babesiidae",797,0,1,2.324497387,4.5,1,8712202.14,334.58,9.31,31.125,80.64,174.55,1,0,4,1,1,0,NA,0,1
"2","Babesia bovis",1,0.101854097,0.006949975,61,0.0983606557377049,1,1,13,0,1,0,"Achromatorida","Babesiidae",1253,0,1,NA,4,1,14410477.61,304.16,17.32,34.11,80.45,127.64,1,0,6,1,1,0,NA,0,1
"3","Babesia cellii",1,0.241562071,0.002243428,9,0.333333333333333,1,1,1,0,1,0,"Achromatorida","Babesiidae",0,0,1,2.21168335,2,1,46446.4766,547.5,30,335.39,141.67,258.11,2,10,3,1,1,0,NA,0,1
"4","Babesia cynicti",1,0.300755486,0,3,0,0,1,10,0,1,0,"Achromatorida","Babesiidae",1,0,1,3.114560041,1,3,2252272.009,365,NA,15.27,33.29,184.21,1,90,0,1,1,0,NA,0,1
"5","Babesia equi",0.706313616,0.13660592,0.00306797,72,0.138888888888889,1,2,13,0,1,0,"Achromatorida","Babesiidae",456,0,1,2.528623065,2,1,2194886.052,661.555,3.59,14.46,53.185,187.41,1,5,5,1,1,0,NA,0,1
"6","Babesia lotori",1,0.075081891,0.046676336,131,0.198473282442748,1,2,9,0,1,0,"Achromatorida","Babesiidae",3,0,1,2.373334048,6,2,11684182.92,365,3.29,38.77,63.25,111.84,1,19,26,1,1,0,NA,0,1
"7","Babesia microti",1,0.14262894,0.006045077,32,0.21875,1,1,7,0,1,0,"Achromatorida","Babesiidae",189,0,1,2.264735162,2,1,4289611.805,669.16,5.86,24.54,86.42,230.4,1,10,7,1,1,0,NA,0,1
"8","Babesia missirolii",1,0.144175237,0.000118964,32,0.1875,1,1,4,0,1,0,"Achromatorida","Babesiidae",1,0,1,3.287605786,1,3,9763858.967,365,2.52,NA,NA,NA,1,20,6,1,1,0,NA,0,1
"9","Babesia odocoilei",1,0.101854097,0.006949975,61,0.0983606557377049,1,10,5,0,1,0,"Achromatorida","Babesiidae",59,0,1,NA,4,1,14410477.61,304.16,17.32,34.11,80.45,127.64,1,0,6,1,1,0,NA,0,1
"10","Babesia ovis",0.576054307,0.131135278,0.051674955,129,0.155038759689922,1,3,12,0,1,0,"Achromatorida","Babesiidae",216,0,1,2.391484194,2,1,280363.9032,365,2.9,72.31,44.42,70.03,1,0,11,1,1,0,NA,0,1
"11","Babesia pitheci",0.498315548,0.304679859,0.002295174,33,0.303030303030303,0.75,3,1,0,1,0,"Achromatorida","Babesiidae",0,0,1,2.346868775,4,2,1726414.913,1073.1,88.09,34.14,120.045,229.05,1,10,3,1,1,0,NA,0,1
"12","Babesia propitheci",1,0.499624296,5.93e-06,3,0,0,2,2,0,1,0,"Achromatorida","Babesiidae",0,0,1,NA,NA,NA,NA,365,NA,16.43,134.79,251.42,3,0,0,1,1,0,NA,0,1
"13","Babesia rossi",1,0.31551438,4.69e-05,3,0.666666666666667,1,1,10,0,1,0,"Achromatorida","Babesiidae",89,0,1,1.726130376,1,3,1272437.563,355.87,0.01,27.77,68.95,235.55,1,0,2,1,1,0,NA,0,1
"14","Balantidium aragaoi",1,0.217122412,4.18e-05,17,0.117647058823529,1,1,1,1,0,0,"Vestibuliferida","Balantidiidae",0,0,2,2.209995537,3,1,3064124.147,337.62,80,12.01,116.64,229.01,1,0,2,0,0,0,1,1,1
"15","Balantidium coli",0.231166535,0.252619599,0.008106772,175,0.211428571428571,0.833333333333333,22,1,1,0,0,"Vestibuliferida","Balantidiidae",169,1,2,2.36105336,2.5,2,666864.3083,710.985,6.6,29.955,124.62,239.695,1,10,5,0,1,0,1,1,1
"16","Besnoitia tarandi",1,0.156562344,2.62e-05,32,0.125,1,1,6,0,1,1,"Eucoccidiorida","Sarcocystidae",16,0,3,2.576843501,3,1,18168072.93,365,2.55,1.07,29.21,-90.47,1,0,4,1,0,0,1,1,7
"17","Blastocystis hominis",0.405953453,0.230643928,0.016918458,91,0.175824175824176,0.833333333333333,3,1,1,0,0,"Blastocystida","Blastocystidae",957,0,2,2.209995537,6,2,6000312.011,582.175,23.77,21.695,168.265,246.745,1,10,4,0,1,0,1,0,1
"18","Chilomastix mesnili",0.245760009,0.224678427,0.014062477,173,0.184971098265896,0.9375,10,1,1,0,0,"Retortamonadida","Chilomastigidae",42,0,2,2.264735162,3.5,2,3050444.516,617.455,15.825,28.34,136.345,242.175,1,10,3.5,0,1,1,1,NA,1
"19","Cryptosporidium parvum",0.238145477,0.165659084,0.022836009,525,0.182857142857143,0.882352941176471,13,4,1,0,0,"Eucoccidiorida","Cryptosporidiidae",5648,0,2,2.408494695,3,1,8833969.711,365,3.095,80.33,60.885,77.94,1,0,10,1,1,0,1,1,1
"20","Cyclospora cercopitheci",1,0.194884702,0.007152429,15,0.4,1,1,7,1,0,0,"Eucoccidiorida","Eimeriidae",2,0,2,2.166980617,NA,NA,1146145.938,NA,NA,54.72,70.92,216.52,1,20,6,1,0,0,0,1,1
"21","Cyclospora colobi",1,0.241562071,0.000746387,12,0.25,1,1,7,1,0,0,"Eucoccidiorida","Eimeriidae",3,0,2,1.97894933,2,1,3050444.516,486.66,99.2,40.2,108.92,231.64,1,0,3,1,0,0,0,1,1
"22","Cyclospora papionis",0.706313616,0.173818583,0.003668499,43,0.232558139534884,1,2,7,1,0,0,"Eucoccidiorida","Eimeriidae",7,0,2,2.264735162,NA,NA,4134203.857,588.105,10.935,44.325,134.175,252.945,1,10,7.5,1,0,0,0,1,1
"23","Cystoisospora canis",0.706313616,0.092459666,0.050074054,138,0.260869565217391,1,2,4,0,0,0,"Eucoccidiorida","Eimeriidae",89,0,1,1.435313616,1,3,40919979.77,365,0.675,46.855,49.805,46.25,1,6,26,1,1,0,1,1,1
"24","Cystoisospora felis",0.350767896,0.149226245,0.015403059,190,0.252631578947368,1,4,12,0,0,0,"Eucoccidiorida","Sarcocystidae",29,0,1,2.167099797,1,3,13549874.56,365,0.32,38.365,51.57,121,1,0.5,10.5,1,1,0,1,1,1
"25","Cystoisospora ohioensis",1,0.105512931,0.002390401,67,0.298507462686567,1,1,4,0,0,0,"Eucoccidiorida","Sarcocystidae",18,0,1,1.382671693,1,3,17097659.69,365,0.25,27.27,53.03,58.18,1,11,20,1,1,0,1,1,1
"26","Cytauxzoon felis",0.576054307,0.134022368,0.011932585,71,0.267605633802817,1,NA,NA,0,1,1,"Achromatorida","Theileriidae",102,0,2,2.412041749,1,3,9294122.655,471.455,0.1,30.7,53.72,133.69,1,0,10,1,1,0,0,1,1
"27","Cytauxzoon manul",1,0.706929717,0,0,0,0,1,8,0,1,1,"Piroplasmida","Theileriidae",11,0,2,2.295476698,1,3,3356628.392,NA,NA,21.03,29.96,7.27,NA,NA,0,1,0,0,0,1,1
"28","Dientamoeba fragilis",0.405953453,0.22491183,0.001638336,57,0.228070175438596,1,3,1,1,0,0,"Trichomonadida","Monocercomonadidae",231,0,2,2.264735162,3.5,2,2618216.943,752.81,84.795,34.14,109,237.4,1,0,3,0,1,0,1,0,1
"29","Eimeria auburnensis",1,0.167585753,0.000388931,29,0.344827586206897,1,1,5,0,0,0,"Eucoccidiorida","Eimeriidae",37,0,1,2.219750144,2,1,9582710.449,399,0.28,0.7,33.59,-5.35,1,0,10,1,1,0,1,1,1
"30","Eimeria bovis",1,0.167585753,0.000388931,29,0.344827586206897,1,1,5,0,0,0,"Eucoccidiorida","Eimeriidae",243,0,1,2.219750144,2,1,9582710.449,399,0.28,0.7,33.59,-5.35,1,0,10,1,1,0,1,1,1
"31","Eimeria felina",0.706313616,0.196789579,0.003735564,28,0.321428571428571,1,1,12,0,0,0,"Eucoccidiorida","Eimeriidae",0,0,1,2.226362753,3.5,2.5,21938979.9,165.375,1.12,41.59,50.235,210.885,1,10,5,1,1,0,1,1,1
"32","Eimeria furonis",1,0.446765486,4.16e-07,3,0,0,1,13,0,0,0,"Eucoccidiorida","Eimeriidae",5,0,1,1.927615677,1,3,1595.0177,365,2,NA,NA,NA,1,0,0,1,0,0,1,1,1
"33","Eimeria ictidea",1,0.446765486,4.16e-07,3,0,0,1,13,0,0,0,"Eucoccidiorida","Eimeriidae",1,0,1,1.927615677,1,3,1595.0177,365,2,NA,NA,NA,1,0,0,1,0,0,1,1,1
"34","Eimeria macusaniensis",1,0.499624296,0,3,0.333333333333333,0,1,8,0,0,0,"Eucoccidiorida","Eimeriidae",34,0,1,3.784780366,2,1,1658675.842,NA,0.45,NA,NA,NA,NA,NA,1,1,0,0,1,1,1
"35","Eimeria madisonensis",1,0.101854097,0.006949975,61,0.0983606557377049,1,1,5,0,0,0,"Eucoccidiorida","Eimeriidae",0,0,1,NA,4,1,14410477.61,304.16,17.32,34.11,80.45,127.64,1,0,6,1,NA,0,1,1,1
"36","Eimeria mccordocki",1,0.101854097,0.006949975,61,0.0983606557377049,1,1,5,0,0,0,"Eucoccidiorida","Eimeriidae",2,0,1,NA,4,1,14410477.61,304.16,17.32,34.11,80.45,127.64,1,0,6,1,NA,0,1,1,1
"37","Eimeria melis",1,0.144175237,0.000118964,32,0.1875,1,1,4,0,0,0,"Eucoccidiorida","Eimeriidae",2,0,1,3.287605786,1,3,9763858.967,365,2.52,NA,NA,NA,1,20,6,1,NA,0,1,1,1
"38","Eimeria mephitidis",1,0.352933199,0,7,0.142857142857143,0,1,4,0,0,0,"Eucoccidiorida","Eimeriidae",0,0,1,2.515791454,6,2,2979663.406,243.33,4.7,32.08,72.47,134.16,1,30,1,1,NA,0,1,1,1
"39","Eimeria nuttalli",0.706313616,0.226239069,0.023338168,131,0.198473282442748,0.5,2,5,0,0,0,"Eucoccidiorida","Eimeriidae",1,0,1,2.373334048,4.5,2,5842335.637,365,3.29,53.2,93.125,183.92,2,29.5,13.5,1,NA,0,1,1,1
"40","Eimeria odocoilei",1,0.101854097,0.006949975,61,0.0983606557377049,1,1,5,0,0,0,"Eucoccidiorida","Eimeriidae",5,0,1,NA,4,1,14410477.61,304.16,17.32,34.11,80.45,127.64,1,0,6,1,NA,0,1,1,1
"41","Eimeria pachylepyron",1,0.407736893,0,3,0,0,1,1,0,0,0,"Eucoccidiorida","Eimeriidae",2,0,1,3.727499817,6,2,1444761.112,365,20,149.98,237.29,248.73,1,40,0,1,NA,0,1,1,1
"42","Eimeria vulpis",1,0.228379472,2.08e-07,10,0.5,1,1,12,0,0,0,"Eucoccidiorida","Eimeriidae",6,0,1,3.093925509,6,2,13701475.16,365,NA,50.25,80.56,232.14,1,30,5,1,NA,0,1,1,1
"43","Eimeria zuernii",1,0.167585753,0.000388931,29,0.344827586206897,1,1,5,0,0,0,"Eucoccidiorida","Eimeriidae",92,0,1,2.219750144,2,1,9582710.449,399,0.28,0.7,33.59,-5.35,1,0,10,1,1,0,1,1,1
"44","Endolimax nana",0.263337374,0.209851062,0.01006507,145,0.23448275862069,1,11,1,1,0,0,"Mastigamoebida","Mastigamoebidae",121,0,2,2.264735162,4,2,3050444.516,669.16,19.095,29.345,115.815,237.4,1,10,4.5,0,0,0,1,0,1
"45","Entamoeba chattoni",0.498315548,0.164189066,0.031558441,87,0.28735632183908,1,5,1,1,0,0,"Amoebida","Endamoebidae",13,1,2,2.264735162,2,1,3348437.988,882.08,2.77,29.955,78.91,228.71,1,10,10.5,0,NA,NA,1,NA,1
"46","Entamoeba coli",0.183172624,0.254252576,0.005682616,184,0.206521739130435,0.892857142857143,22,1,1,0,0,"Amoebida","Endamoebidae",804,1,2,2.264735162,3,2,1213226.935,669.16,14.86,35.815,109.035,239.935,1,10,4.5,0,NA,NA,1,NA,1
"47","Entamoeba dispar",0.706313616,0.252447507,0.000764506,22,0.272727272727273,1,2,4,1,0,0,"Amoebida","Endamoebidae",791,0,2,2.021248303,5,2,156593.6596,486.66,108.315,177.945,104.385,185.02,2,5,4,0,NA,NA,1,NA,1
"48","Entamoeba hartmanni",0.238145477,0.210092321,0.0089082,202,0.267326732673267,0.941176470588235,11,1,1,0,0,"Amoebida","Endamoebidae",42,0,2,2.264735162,3,2,2398232.812,752.81,14.86,34.36,109.08,236.61,1,5,5,0,NA,NA,1,NA,1
"49","Entamoeba polecki",1,0.135560398,0.007006524,39,0.256410256410256,1,1,7,1,0,0,"Amoebida","Endamoebidae",44,0,2,2.264735162,NA,NA,7826350.711,752.81,10.8,39.42,98.24,242.67,1,10,10,0,NA,NA,1,NA,1
"50","Entopolypoides macaci",0.498315548,0.182039812,0.006147118,68,0.323529411764706,1,3,7,0,1,0,"Achromatorida","Babesiidae",8,0,1,2.213506955,2.5,1.5,2697102.897,533.805,27.925,45.995,78.67,224.38,1,20,6.5,NA,NA,NA,NA,NA,NA
"51","Giardia intestinalis",0.213268995,0.226356432,0.011693502,351,0.168091168091168,0.857142857142857,18,6,1,0,0,"Diplomonadida","Hexamitidae",1265,0,2,2.264735162,3,1,2841170.545,547.5,2.9,50.9,106.72,229.01,1,0,4,0,NA,NA,NA,NA,1
"52","Hepatocystis cercopitheci",0.445203637,0.428879169,0.000898621,30,0.233333333333333,0.6,7,7,0,1,0,"Haemosporida","Plasmodiidae",0,0,1,2.452680854,4,2,1813429.971,1082.225,27.49,37.27,138.29,241.12,1,20,2,NA,NA,NA,NA,NA,NA
"53","Hepatocystis foleyi",1,0.352933199,0.000302876,6,0.166666666666667,0,1,1,0,1,0,"Haemosporida","Plasmodiidae",0,0,1,NA,NA,NA,NA,NA,NA,15.27,106.88,228.42,3,0,1,NA,NA,NA,NA,NA,NA
"54","Hepatocystis kochi",0.224738591,0.361184402,0.003537392,104,0.230769230769231,0.578947368421053,10,1,0,1,0,"Haemosporida","Plasmodiidae",2,0,1,2.264735162,3,2,778923.7046,521.64,13.77,37.3,131.01,242.67,1,10,2,NA,NA,NA,NA,NA,NA
"55","Hepatocystis semnopitheci",0.498315548,0.310812081,0.002299546,21,0.333333333333333,0.75,6,1,0,1,0,"Haemosporida","Plasmodiidae",0,0,1,2.212595152,2,1,994454.8735,401.76,18.1,189.625,156.395,251.615,1,10,2.5,NA,NA,NA,NA,NA,NA
"56","Hepatocystis simiae",0.445203637,0.173748874,0.019687302,76,0.263157894736842,1,3,7,0,1,0,"Haemosporida","Plasmodiidae",1,0,1,2.264735162,2,1,3348437.988,669.16,5.86,39.42,86.42,230.4,1,10,7,NA,NA,NA,NA,NA,NA
"57","Hepatocystis taiwanensis",1,0.352933199,0,6,0.5,1,1,NA,0,1,0,"Haemosporida","Plasmodiidae",0,0,1,2.007910755,NA,NA,26772.9622,462.33,NA,391.32,161.86,129.52,2,10,3,NA,NA,NA,NA,NA,NA
"58","Hepatozoon americanum",0.706313616,0.143378309,0.00122791,82,0.25609756097561,1,1,8,0,1,1,"Eucoccidiorida","Hepatozoidae",91,0,2,1.898800351,1,3,13108394.89,365,0.345,51.515,52.475,50.365,1,5.5,11.5,1,NA,NA,NA,NA,NA
"59","Hepatozoon canis",0.445203637,0.224480694,0.020879095,128,0.3046875,0.6,6,7,0,1,1,"Eucoccidiorida","Hepatozoidae",324,0,2,2.156794148,1,3,8714215.901,365,1.1,28.6,118.7,234.38,1,1,3,1,NA,NA,NA,NA,NA
"60","Hepatozoon JM-1",1,0.222540528,0.001592443,18,0.0555555555555556,0,1,NA,0,1,1,"Eucoccidiorida","Hepatozoidae",0,0,2,2.401432284,NA,NA,279686.4943,NA,NA,400.13,132.97,103.02,3,30,1,1,NA,NA,NA,NA,NA
"61","Hepatozoon JM-2",1,0.222540528,0.001592443,18,0.0555555555555556,0,1,NA,0,1,1,"Eucoccidiorida","Hepatozoidae",0,0,2,2.401432284,NA,NA,279686.4943,NA,NA,400.13,132.97,103.02,3,30,1,1,NA,NA,NA,NA,NA
"62","Hepatozoon JM-3",1,0.222540528,0.001592443,18,0.0555555555555556,0,1,NA,0,1,1,"Eucoccidiorida","Hepatozoidae",0,0,2,2.401432284,NA,NA,279686.4943,NA,NA,400.13,132.97,103.02,3,30,1,1,NA,NA,NA,NA,NA
"63","Hepatozoon JM-4",1,0.222540528,0.001592443,18,0.0555555555555556,0,1,NA,0,1,1,"Eucoccidiorida","Hepatozoidae",0,0,2,2.401432284,NA,NA,279686.4943,NA,NA,400.13,132.97,103.02,3,30,1,1,NA,NA,NA,NA,NA
"64","Hepatozoon JM-5",1,0.222540528,0.001592443,18,0.0555555555555556,0,1,NA,0,1,1,"Eucoccidiorida","Hepatozoidae",0,0,2,2.401432284,NA,NA,279686.4943,NA,NA,400.13,132.97,103.02,3,30,1,1,NA,NA,NA,NA,NA
"65","Hepatozoon JM-6",1,0.222540528,0.001592443,18,0.0555555555555556,0,1,NA,0,1,1,"Eucoccidiorida","Hepatozoidae",0,0,2,2.401432284,NA,NA,279686.4943,NA,NA,400.13,132.97,103.02,3,30,1,1,NA,NA,NA,NA,NA
"66","Hepatozoon JM-7",1,0.222540528,0.001592443,18,0.0555555555555556,0,1,NA,0,1,1,"Eucoccidiorida","Hepatozoidae",0,0,2,2.401432284,NA,NA,279686.4943,NA,NA,400.13,132.97,103.02,3,30,1,1,NA,NA,NA,NA,NA
"67","Hepatozoon JM-8",1,0.222540528,0.001592443,18,0.0555555555555556,0,1,NA,0,1,1,"Eucoccidiorida","Hepatozoidae",0,0,2,2.401432284,NA,NA,279686.4943,NA,NA,400.13,132.97,103.02,3,30,1,1,NA,NA,NA,NA,NA
"68","Hepatozoon procyonis",0.706313616,0.195298135,0.023349409,134,0.194029850746269,0.5,3,5,0,1,1,"Eucoccidiorida","Hepatozoidae",2,0,2,2.542902258,6,2,11156657.03,365,9.355,26.9,109.79,175.5,1,14.5,13.5,1,NA,NA,NA,NA,NA
"69","Iodamoeba butschlii",0.2081209,0.245747441,0.009621833,180,0.194444444444444,0.909090909090909,15,1,1,0,0,"Entamoebida","Entamoebidae",50,0,2,2.264735162,3.5,2,2398232.812,617.455,17.175,31.405,115.815,242.055,1,10,4,0,NA,NA,NA,NA,1
"70","Isospora arctopitheci",1,0.287878988,0.000629629,9,0.222222222222222,1,1,1,0,0,0,"Eucoccidiorida","Eimeriidae",4,0,1,1.716901792,4,2,75237.6833,240.9,5.13,26.56,279.43,259.25,1,40,2,1,NA,0,1,1,1
"71","Isospora cebi",1,0.300755486,2.51e-05,10,0.3,1,2,13,0,0,0,"Eucoccidiorida","Eimeriidae",1,0,1,2.130717186,5,2,3694705.352,547.5,16.79,8.75,192.99,252.69,1,20,3,1,NA,0,1,1,1
"72","Isospora endocallimici",1,0.577061088,0,2,0,0,1,1,0,0,0,"Eucoccidiorida","Eimeriidae",0,0,1,NA,2,2,602347.5354,182.5,2.08,3,209.19,259.78,1,40,0,1,NA,0,1,1,1
"73","Isospora lutrae",1,0.134264815,3.18e-05,48,0.25,1,1,4,0,0,0,"Eucoccidiorida","Eimeriidae",1,0,1,NA,1,3,25136275.45,365,0.85,102.46,56.63,50.26,1,30,12,1,NA,0,1,1,1
"74","Isospora melis",1,0.144175237,0.000118964,32,0.1875,1,1,4,0,0,0,"Eucoccidiorida","Eimeriidae",2,0,1,3.287605786,1,3,9763858.967,365,2.52,NA,NA,NA,1,20,6,1,NA,0,1,1,1
"75","Isospora papionis",1,0.129418939,0.084569095,40,0.375,1,1,7,0,0,0,"Eucoccidiorida","Eimeriidae",0,0,1,2.264735162,2,1,3348437.988,882.08,2.77,25.55,41.9,184.62,1,20,15,1,NA,0,1,1,1
"76","Isospora saimirae",1,0.17267731,0.018640037,25,0.12,1,1,1,0,0,0,"Eucoccidiorida","Eimeriidae",0,0,1,2.16093366,3,2,4419721.477,383.25,36.09,4.63,186.86,253.03,1,20,3,1,NA,0,1,1,1
"77","Isospora sengeri",1,0.352933199,0,7,0.142857142857143,0,1,4,0,0,0,"Eucoccidiorida","Eimeriidae",0,0,1,2.515791454,6,2,2979663.406,243.33,4.7,32.08,72.47,134.16,1,30,1,1,NA,0,1,1,1
"78","Isospora spilogales",1,0.352933199,0,7,0.142857142857143,0,1,4,0,0,0,"Eucoccidiorida","Eimeriidae",0,0,1,2.515791454,6,2,2979663.406,243.33,4.7,32.08,72.47,134.16,1,30,1,1,NA,0,1,1,1
"79","Isospora vulpis",1,0.0794064,0.097757707,108,0.296296296296296,1,1,12,0,0,0,"Eucoccidiorida","Eimeriidae",36,0,1,1.487955539,1,3,64742299.85,365,1.1,66.44,46.58,34.32,1,1,32,1,NA,0,1,1,1
"80","Leishmania braziliensis",1,0.287878988,0.000629629,9,0.222222222222222,1,1,1,0,1,0,"Trypanosomatida","Trypanosomatidae",1887,0,1,1.716901792,4,2,75237.6833,240.9,5.13,26.56,279.43,259.25,1,40,2,1,NA,1,NA,NA,4
"81","Leishmania chagasi",1,0.198794565,0.002569676,11,0.272727272727273,1,3,1,0,1,1,"Trypanosomatida","Trypanosomatidae",1406,0,2,1.726130376,7,2,7258627.826,243.33,3.54,35.64,118.7,229.96,1,50,3,1,1,1,NA,NA,4
"82","Leishmania donovani",1,0.228379472,2.08e-07,10,0.5,1,2,7,0,1,1,"Trypanosomatida","Trypanosomatidae",6697,0,2,3.093925509,6,2,13701475.16,365,NA,50.25,80.56,232.14,1,30,5,1,1,1,NA,NA,4
"83","Leishmania infantum",0.375413503,0.168126678,0.017049547,149,0.288590604026846,1,5,12,1,1,1,"Trypanosomatida","Trypanosomatidae",3694,0,3,1.726130376,6,2,14776384.43,365,0.71,39.75,48.41,217.23,1,10,9,1,1,1,NA,NA,4
"84","Leishmania shawi",0.706313616,0.356577702,0.000889922,14,0.214285714285714,1,1,1,0,1,1,"Trypanosomatida","Trypanosomatidae",49,1,2,2.405936597,4.5,1.5,3136717.201,657,19.685,20.1,154.19,241.17,1,10,3,1,NA,1,NA,NA,4
"85","Neospora caninum",0.157624469,0.206672204,0.010816107,585,0.167521367521368,0.945945945945946,22,12,1,0,1,"Eucoccidiorida","Sarcocystidae",2740,0,3,2.296542096,2,2,7440987.899,365,1.025,39.26,53.26,130.665,1,1,6,NA,NA,NA,NA,NA,NA
"86","Pentatrichomonas hominis",0.576054307,0.195082759,0.01236332,59,0.271186440677966,1,1,1,0,0,0,"Trichomonadida","Trichomonadidae",101,0,1,2.58751357,3,2,695615.4328,1627.9,1.63,13.99,149.72,242.43,1,10,11,NA,NA,NA,NA,NA,NA
"87","Plasmodium brasilianum",0.17977186,0.408231163,0.003316669,92,0.108695652173913,0.620689655172414,14,1,0,1,0,"Haemosporida","Plasmodiidae",61,1,1,2.360544488,3.5,2,962779.551,647.875,17.715,7.525,173.7,248.805,1,10,2,1,NA,0,1,1,3
"88","Plasmodium coatneyi",0.576054307,0.245838384,0.004127378,22,0.409090909090909,1,3,1,0,1,0,"Haemosporida","Plasmodiidae",72,0,1,2.213506955,2.5,1.5,1366583.848,401.76,36.63,73.16,242.86,249.22,1,10,6,1,NA,0,1,1,3
"89","Plasmodium cynomolgi",0.350767896,0.285699685,0.001914218,41,0.268292682926829,0.875,9,1,0,1,0,"Haemosporida","Plasmodiidae",298,1,1,2.206797358,2,1,917776.417,405.07,18.92,229.89,151.765,249.755,1,10,3,1,NA,0,1,1,3
"90","Plasmodium eylesi",1,0.377396247,0.003177391,3,0.333333333333333,0,2,1,0,1,0,"Haemosporida","Plasmodiidae",1,0,1,2.40814582,4,2,638113.1838,983.67,6.6,90.44,172.74,229.63,1,10,1,1,NA,0,1,1,3
"91","Plasmodium falciparum",0.445203637,0.181672145,0.025156393,99,0.202020202020202,0.8,8,1,0,1,0,"Haemosporida","Plasmodiidae",40917,0,1,2.47275419,3,2,2489781.737,507.35,4.19,13.91,156.99,250.82,1,0,4,1,NA,0,1,1,3
"92","Plasmodium fieldi",0.706313616,0.244227914,0.004591442,17,0.411764705882353,1,2,1,0,1,0,"Haemosporida","Plasmodiidae",16,0,1,2.26488607,2.5,1.5,2031843.373,401.76,34.455,114.47,232.015,247.955,1,30,5,1,NA,0,1,1,3
"93","Plasmodium fragile",0.706313616,0.309479159,0.001129364,11,0.363636363636364,1,3,1,0,1,0,"Haemosporida","Plasmodiidae",68,0,1,2.21168335,2,1,334386.1878,456.25,19.15,374.12,117.705,261.325,1.5,10,2.5,1,NA,0,1,1,3
"94","Plasmodium gaboni",1,0.118318468,0.035618845,43,0.325581395348837,1,2,7,0,1,0,"Haemosporida","Plasmodiidae",11,0,1,2.58751357,6,2,2489781.737,1825,1.63,34.36,149.72,241.68,1,10,14,1,NA,0,1,1,3
"95","Plasmodium georgesi",0.706313616,0.313227785,3.18e-05,14,0.142857142857143,0.5,2,7,0,1,0,"Haemosporida","Plasmodiidae",3,0,1,2.230219496,3,2,1461519.111,770.15,14.86,21.125,140.045,239.465,1,10,1,1,NA,0,1,1,3
"96","Plasmodium girardi",1,0.352933199,0.000302876,6,0.166666666666667,0,1,1,0,1,0,"Haemosporida","Plasmodiidae",0,0,1,NA,NA,NA,NA,NA,NA,15.27,106.88,228.42,3,0,1,1,NA,0,1,1,3
"97","Plasmodium gonderi",0.375413503,0.374599579,0.000454901,27,0.259259259259259,0.428571428571429,6,1,0,1,0,"Haemosporida","Plasmodiidae",15,0,1,2.092644329,3,2,324897.0441,513.43,18.13,28.65,161.18,243.83,1,10,1,1,NA,0,1,1,3
"98","Plasmodium hylobati",1,1,0,0,0,0,3,1,0,1,0,"Haemosporida","Plasmodiidae",5,0,1,NA,4,2,39232.4434,730,6.18,1249.44,211.91,238.25,2,10,0,1,NA,0,1,1,3
"99","Plasmodium inui",0.313020866,0.398785978,0.001307407,37,0.27027027027027,0.8,12,1,0,1,0,"Haemosporida","Plasmodiidae",48,1,1,2.042873627,1,1,917776.417,401.76,43.31,155.465,210.515,246.86,1,10,3,1,NA,0,1,1,3
"100","Plasmodium jefferyi",1,0.377396247,0.003177391,3,0.333333333333333,0,2,1,0,1,0,"Haemosporida","Plasmodiidae",0,0,1,2.40814582,4,2,638113.1838,983.67,6.6,90.44,172.74,229.63,1,10,1,1,NA,0,1,1,3
"101","Plasmodium knowlesi",0.576054307,0.298730907,0.003060962,18,0.333333333333333,1,3,1,0,1,0,"Haemosporida","Plasmodiidae",145,1,1,2.213506955,2,1,1366583.848,401.76,49.99,94.67,244.98,247.03,1,10,3,1,NA,0,1,1,3
"102","Plasmodium rodhaini",1,0.118318468,0.035618845,43,0.325581395348837,1,1,1,0,1,0,"Haemosporida","Plasmodiidae",20,0,1,2.58751357,6,2,2489781.737,1825,1.63,34.36,149.72,241.68,1,10,14,1,NA,0,1,1,3
"103","Plasmodium petersi",0.706313616,0.313227785,3.18e-05,14,0.142857142857143,0.5,2,7,0,1,0,"Haemosporida","Plasmodiidae",3,0,1,2.230219496,3,2,1461519.111,770.15,14.86,21.125,140.045,239.465,1,10,1,1,NA,0,1,1,3
"104","Plasmodium pitheci",1,0.207362681,3.55e-06,9,0.444444444444444,1,2,1,0,1,0,"Haemosporida","Plasmodiidae",1,0,1,3.063235267,5,2,127623.0593,2007.5,2,11.82,258.7,237.71,2,10,4,1,NA,0,1,1,3
"105","Plasmodium reichenowi",0.706313616,0.126291641,0.018543731,58,0.275862068965517,1,4,1,0,1,0,"Haemosporida","Plasmodiidae",91,0,1,2.704347089,4.5,2,1592698.585,1627.9,1.11,24.135,151.3,242.055,1,5,12.5,1,NA,0,1,1,3
"106","Plasmodium schwetzi",0.706313616,0.126291641,0.018543731,58,0.275862068965517,1,2,1,0,1,0,"Haemosporida","Plasmodiidae",2,0,1,2.704347089,4.5,2,1592698.585,1627.9,1.11,24.135,151.3,242.055,1,5,12.5,1,NA,0,1,1,3
"107","Plasmodium shortii",0.706313616,0.309479159,0.001129364,11,0.363636363636364,1,2,2,0,1,0,"Haemosporida","Plasmodiidae",1,0,1,2.21168335,2,1,334386.1878,456.25,19.15,374.12,117.705,261.325,1.5,10,2.5,1,NA,0,1,1,3
"108","Plasmodium simiovale",1,0.241562071,0.002243428,9,0.333333333333333,1,1,1,0,1,0,"Haemosporida","Plasmodiidae",16,0,1,2.21168335,2,1,46446.4766,547.5,30,335.39,141.67,258.11,2,10,3,1,NA,0,1,1,3
"109","Plasmodium simium",0.498315548,0.263233497,0.017127045,34,0.117647058823529,0.5,5,1,0,1,0,"Haemosporida","Plasmodiidae",27,0,1,2.209995537,4.5,1.5,822047.889,684.37,51.74,56.24,157.785,224.57,1,0,1.5,1,NA,0,1,1,3
"110","Plasmodium vivax",0.498315548,0.16936532,0.02714489,85,0.235294117647059,1,5,1,0,1,0,"Haemosporida","Plasmodiidae",6310,0,1,2.398754554,5,2,1676515.204,969.075,6.305,18.6,156.78,246.625,1,5,7.5,1,NA,0,1,1,3
"111","Plasmodium youngi",1,0.377396247,0.003177391,3,0.333333333333333,0,1,1,0,1,0,"Haemosporida","Plasmodiidae",0,0,1,2.40814582,4,2,638113.1838,983.67,6.6,90.44,172.74,229.63,1,10,1,1,NA,0,1,1,3
"112","Retortamonas intestinalis",0.576054307,0.233626204,5.67e-05,35,0.2,1,2,1,1,0,0,"Retortamonadida","Retortamonadidae",5,0,2,2.230219496,3,2,2306683.887,565.75,70.39,28.65,116.64,229.01,1,0,2,NA,NA,NA,NA,NA,NA
"113","Sarcocystis alceslatrans",1,0.133004405,0.000217045,42,0.166666666666667,1,1,6,0,0,1,"Eucoccidiorida","Sarcocystidae",4,0,2,2.439927916,1,1,7963741.77,365,0.4,NA,NA,NA,1,0,7,1,1,0,1,1,2
"114","Sarcocystis americana",1,0.128284406,1.14e-05,41,0.146341463414634,1,1,8,0,0,1,"Eucoccidiorida","Sarcocystidae",4,0,2,NA,2,1,6307636.164,365,16,14.38,38.76,67.61,1,0,6,1,1,0,1,1,2
"115","Sarcocystis arctosi",1,0.228379472,4.49e-06,10,0.4,1,1,6,0,0,1,"Eucoccidiorida","Sarcocystidae",3,0,2,2.759547375,6,2,27908100.28,912.5,0.02,14.85,35.01,-46.56,1,6,4,1,1,0,1,1,2
"116","Sarcocystis arieticanis",1,0.194884702,0,22,0.318181818181818,1,1,5,0,0,1,"Eucoccidiorida","Sarcocystidae",30,0,2,2.261384942,2,1,15605.9357,547.5,NA,135.27,87.78,42.76,1,0,7,1,1,0,1,1,2
"117","Sarcocystis axicuonis",0.706313616,0.364001884,0.000647656,11,0.0909090909090909,0,2,1,0,0,1,"Eucoccidiorida","Sarcocystidae",1,0,2,2.084697064,1,2,6221601.67,395.415,3.62,253.235,95.71,176.545,1,0,0.5,1,1,0,1,1,2
"118","Sarcocystis camelopardalis",1,0.194884702,2.89e-06,12,0.25,1,1,7,0,0,1,"Eucoccidiorida","Sarcocystidae",1,0,2,3.184054465,5,1,2016377.813,608.33,1.23,18.23,64.96,238.58,1,0,3,1,1,0,1,1,2
"119","Sarcocystis capracanis",1,0.194884702,0,22,0.318181818181818,1,1,5,0,0,1,"Eucoccidiorida","Sarcocystidae",43,0,2,2.261384942,2,1,15605.9357,547.5,NA,135.27,87.78,42.76,1,0,7,1,1,0,1,1,2
"120","Sarcocystis capreolicanis",1,0.079699396,0.134339937,94,0.148936170212766,1,1,4,0,0,1,"Eucoccidiorida","Sarcocystidae",5,0,2,2.408494695,5,1,15261022.82,NA,2.9,60.79,44.42,27.73,1,0,14,1,1,0,1,1,2
"121","Sarcocystis danzani",1,0.446765486,0,2,0,0,1,8,0,0,1,"Eucoccidiorida","Sarcocystidae",0,0,2,3.114821055,1,1,715728.4104,365,NA,1.55,23.87,6.27,1,0,0,1,1,0,1,1,2
"122","Sarcocystis dubeyella",1,0.14262894,0.00177854,30,0.0666666666666667,1,1,7,0,0,1,"Eucoccidiorida","Sarcocystidae",1,0,2,3.257553243,4,1,776098.1421,365,7.61,17.34,42.02,240.33,1,0,2,1,1,0,1,1,2
"123","Sarcocystis elegans",1,0.249059322,0.00369494,14,0.0714285714285714,0,1,1,0,0,0,"Eucoccidiorida","Sarcocystidae",0,0,1,NA,5,2,943367.4798,159.8,508.18,61.47,99.39,249.92,1,20,1,1,1,0,1,1,2
"124","Sarcocystis felis",1,0.170075694,0.0024759,25,0.44,1,1,7,0,0,1,"Eucoccidiorida","Sarcocystidae",56,0,2,2.156794148,1,3,5241618.941,730,0.11,28.6,85.8,234.38,1,0,11,1,1,0,1,1,2
"125","Sarcocystis fusiformis",1,0.105512931,0.002390401,67,0.298507462686567,1,1,5,0,0,1,"Eucoccidiorida","Sarcocystidae",67,0,2,1.382671693,1,3,17097659.69,365,0.25,27.27,53.03,58.18,1,11,20,1,1,0,1,1,2
"126","Sarcocystis gazellae",1,0.149123782,0.0004871,27,0.148148148148148,1,1,13,0,0,1,"Eucoccidiorida","Sarcocystidae",1,0,2,2.501942723,2,1,1950024.369,365,10.69,2.06,24,190.15,1,0,4,1,1,0,1,1,2
"127","Sarcocystis giraffae",1,0.194884702,2.89e-06,12,0.25,1,1,7,0,0,1,"Eucoccidiorida","Sarcocystidae",1,0,2,3.184054465,5,1,2016377.813,608.33,1.23,18.23,64.96,238.58,1,0,3,1,1,0,1,1,2
"128","Sarcocystis grueneri",0.706313616,0.101355944,0.067416898,104,0.153846153846154,1,1,4,0,0,1,"Eucoccidiorida","Sarcocystidae",4,0,2,2.540535321,3.5,1,9640150.442,365,12.445,94.6,51.47,53.82,1,0,11.5,1,1,0,1,1,2
"129","Sarcocystis hemioni",1,0.128284406,1.14e-05,40,0.15,1,1,8,0,0,1,"Eucoccidiorida","Sarcocystidae",0,0,2,NA,2,1,6307636.164,365,16,14.38,38.76,67.61,1,0,6,1,1,0,1,1,2
"130","Sarcocystis hemionilatrantis",1,0.128284406,1.14e-05,41,0.146341463414634,1,1,8,0,0,1,"Eucoccidiorida","Sarcocystidae",5,0,2,NA,2,1,6307636.164,365,16,14.38,38.76,67.61,1,0,6,1,1,0,1,1,2
"131","Sarcocystis hominis",1,0.129418939,0.015993217,39,0.205128205128205,1,1,7,0,0,1,"Eucoccidiorida","Sarcocystidae",62,1,2,2.649977566,2,1,6085429.445,365,1.06,24.17,61.83,215.34,1,0,9,1,1,0,1,1,2
"132","Sarcocystis kirkpatricki",1,0.075081891,0.046676336,131,0.198473282442748,1,4,4,0,0,1,"Eucoccidiorida","Sarcocystidae",3,0,2,2.373334048,6,2,11684182.92,365,3.29,38.77,63.25,111.84,1,19,26,1,1,0,1,1,2
"133","Sarcocystis klaseriensis",1,0.194884702,2.89e-06,12,0.25,1,1,7,0,0,1,"Eucoccidiorida","Sarcocystidae",1,0,2,3.184054465,5,1,2016377.813,608.33,1.23,18.23,64.96,238.58,1,0,3,1,1,0,1,1,2
"134","Sarcocystis melampi",1,0.108168746,0.035286471,51,0.137254901960784,1,1,7,0,0,1,"Eucoccidiorida","Sarcocystidae",1,0,2,3.114821055,2,1,3485542.674,365,13.36,37.6,73.05,216.36,1,0,7,1,1,0,1,1,2
"135","Sarcocystis mephitisi",1,0.158597334,0.00161254,28,0.285714285714286,1,1,4,0,0,1,"Eucoccidiorida","Sarcocystidae",1,0,2,2.409320685,6,2,12271140.38,365,8.15,28.88,52.67,75.97,1,20,8,1,1,0,1,1,2
"136","Sarcocystis mongolica",1,0.446765486,0,2,0,0,1,8,0,0,1,"Eucoccidiorida","Sarcocystidae",0,0,2,3.114821055,1,1,715728.4104,365,NA,1.55,23.87,6.27,1,0,0,1,1,0,1,1,2
"137","Sarcocystis neurona",0.375413503,0.182739198,0.012399836,237,0.206751054852321,0.857142857142857,15,4,0,0,1,"Eucoccidiorida","Sarcocystidae",555,0,2,2.391327367,6,2,7753506.863,365,4.485,28.075,53.56,67.075,1,19.5,8,1,1,0,1,1,2
"138","Sarcocystis odocoileocanis",1,0.101854097,0.006949975,61,0.0983606557377049,1,4,1,0,0,1,"Eucoccidiorida","Sarcocystidae",3,0,2,NA,4,1,14410477.61,304.16,17.32,34.11,80.45,127.64,1,0,6,1,1,0,1,1,2
"139","Sarcocystis phacochoeri",1,0.14262894,0.00177854,30,0.0666666666666667,1,1,7,0,0,1,"Eucoccidiorida","Sarcocystidae",1,0,2,3.257553243,4,1,776098.1421,365,7.61,17.34,42.02,240.33,1,0,2,1,1,0,1,1,2
"140","Sarcocystis rangi",1,0.156562344,2.62e-05,32,0.125,1,1,6,0,0,1,"Eucoccidiorida","Sarcocystidae",5,0,2,2.576843501,3,1,18168072.93,365,2.55,1.07,29.21,-90.47,1,0,4,1,1,0,1,1,2
"141","Sarcocystis sebeki",1,0.144175237,0.000118964,32,0.1875,1,1,4,0,0,1,"Eucoccidiorida","Sarcocystidae",6,0,2,3.287605786,1,3,9763858.967,365,2.52,NA,NA,NA,1,20,6,1,1,0,1,1,2
"142","Sarcocystis tarandivulpes",1,0.156562344,2.62e-05,32,0.125,1,2,6,0,0,1,"Eucoccidiorida","Sarcocystidae",5,0,2,2.576843501,3,1,18168072.93,365,2.55,1.07,29.21,-90.47,1,0,4,1,1,0,1,1,2
"143","Sarcocystis ursusi",1,0.14262894,5.1e-06,30,0.366666666666667,1,1,4,0,0,1,"Eucoccidiorida","Sarcocystidae",1,0,2,3.006970215,1,1,9704197.651,821.25,0.72,11.45,51.94,3.89,1,13,11,1,1,0,1,1,2
"144","Sarcocystis woodhousei",1,0.149123782,0.0004871,27,0.148148148148148,1,1,13,0,0,1,"Eucoccidiorida","Sarcocystidae",1,0,2,2.501942723,2,1,1950024.369,365,10.69,2.06,24,190.15,1,0,4,1,1,0,1,1,2
"145","Sarcocystis youngi",1,0.128284406,1.14e-05,41,0.146341463414634,1,1,8,0,0,1,"Eucoccidiorida","Sarcocystidae",0,0,2,NA,2,1,6307636.164,365,16,14.38,38.76,67.61,1,0,6,1,1,0,1,1,2
"146","Theileria annae",1,0.0794064,0.097757707,108,0.296296296296296,1,2,4,0,1,0,"Piroplasmida","Theileriidae",925,0,1,1.487955539,1,3,64742299.85,365,1.1,66.44,46.58,34.32,1,1,32,1,NA,0,0,1,1
"147","Theileria bicornis",1,0.117439843,0.001228054,51,0.0588235294117647,1,1,10,0,1,0,"Piroplasmida","Theileriidae",163,0,1,3.513244064,2,1,6697308.45,1049.37,0.11,30.49,70.41,225.9,1,0,3,1,NA,0,0,1,1
"148","Theileria buffeli",1,0.130582899,0.007306943,27,0.259259259259259,1,1,7,0,1,0,"Piroplasmida","Theileriidae",32,0,1,3.005106398,1,1,8442938.751,638.75,5.84,31.59,100.45,237.8,1,0,7,1,NA,0,0,1,1
"149","Theileria cervi",0.405953453,0.133976467,0.02500398,168,0.101190476190476,0.833333333333333,6,5,0,1,0,"Piroplasmida","Theileriidae",271,0,1,2.425879224,2,1,5163457.114,365,11.345,94.6,69.485,89.23,1,0,6,1,NA,0,0,1,1
"150","Theileria mutans",1,0.130582899,0.007306943,27,0.259259259259259,1,1,7,0,1,0,"Piroplasmida","Theileriidae",1101,0,1,3.005106398,1,1,8442938.751,638.75,5.84,31.59,100.45,237.8,1,0,7,1,NA,0,0,1,1
"151","Theileria parva",1,0.130582899,0.007306943,27,0.259259259259259,1,3,7,0,1,0,"Piroplasmida","Theileriidae",41,0,1,3.005106398,1,1,8442938.751,638.75,5.84,31.59,100.45,237.8,1,0,7,1,1,0,0,1,1
"152","Toxoplasma gondii",0.100653899,0.20889451,0.00930451,906,0.140176600441501,0.901234567901235,36,11,1,0,1,"Eucoccidiorida","Sarcocystidae",1516,1,3,2.391484194,2,2,7256885.952,365,1.1,28.37,58.52,117.65,1,0,5,1,1,0,1,1,10
"153","Trichomonas intestinalis",1,0.234696877,7.96e-05,14,0.285714285714286,1,1,1,1,0,0,"Trichomonadida","Trichomonadidae",2,0,1,2.452680854,4,2,2306683.887,565.75,70.39,38.24,109.08,221.49,1,0,4,0,NA,1,NA,NA,1
"154","Troglodytella abrassarti",1,0.118318468,0.035618845,43,0.325581395348837,1,2,98,1,0,0,"Entodiniomorphida","Troglodytellidae",1,0,1,2.58751357,6,2,2489781.737,1825,1.63,34.36,149.72,241.68,1,10,14,NA,NA,NA,NA,NA,NA
"155","Trypanosoma brucei",0.25411413,0.389083966,0.001249847,63,0.19047619047619,0.533333333333333,4,1,1,1,0,"Trypanosomatida","Trypanosomatidae",1544,1,2,2.513957323,3,1.5,3572475.048,349.165,6.2,35.71,118.15,243.76,1,0,2,0,1,1,0,1,3
"156","Trypanosoma cervi",0.706313616,0.117429251,0.00358351,91,0.120879120879121,1,3,6,0,1,0,"Trypanosomatida","Trypanosomatidae",288,0,1,2.439927916,2.5,1,11187109.69,334.58,8.86,34.11,80.45,127.64,1,0,6.5,0,NA,1,0,0,3
"157","Trypanosoma congolense",0.350767896,0.511744866,0.000810646,67,0.0746268656716418,0.25,5,1,0,1,0,"Trypanosomatida","Trypanosomatidae",0,0,1,2.664636782,3,2,4736919.672,285.5,2.6,35.45,125.425,244.46,1,0,1,0,1,1,0,0,3
"158","Trypanosoma cruzi",0.147039981,0.436224423,0.005189676,308,0.191558441558442,0.547619047619048,19,1,0,1,0,"Trypanosomatida","Trypanosomatidae",4,1,1,2.259970739,4,2,1107251.987,365,13.785,18.315,157.01,243.82,1,20,2,0,NA,1,0,0,3
"159","Trypanosoma cyclops",0.706313616,0.244227914,0.004591442,17,0.411764705882353,1,1,1,0,1,0,"Trypanosomatida","Trypanosomatidae",2,0,1,2.26488607,2.5,1.5,2031843.373,401.76,34.455,114.47,232.015,247.955,1,30,5,0,NA,1,0,0,3
"160","Trypanosoma devei",0.405953453,0.504792512,0.000538996,21,0.19047619047619,0.666666666666667,4,1,0,1,0,"Trypanosomatida","Trypanosomatidae",4,0,1,2.325458084,4.5,2,1078561.151,250.165,11.3,3.975,175.02,249.88,1,30,3,0,NA,1,0,0,3
"161","Trypanosoma diasi",1,0.266389918,0.000253597,12,0.333333333333333,1,2,1,0,1,0,"Trypanosomatida","Trypanosomatidae",189,0,1,2.442715431,6,2,6000312.011,657,23.77,20.1,154.19,241.17,NA,NA,4,0,NA,1,0,0,3
"162","Trypanosoma evansi",0.350767896,0.334792385,0.008903811,97,0.298969072164948,0.25,5,9,0,1,0,"Trypanosomatida","Trypanosomatidae",1117,0,1,2.887852867,5,1.5,9097838.556,365,5.79,85.68,141.425,234.015,1,0.5,1,0,1,1,0,0,3
"163","Trypanosoma hippicum",0.706313616,0.216987835,0.034235711,26,0.153846153846154,0.5,NA,NA,0,1,0,"Trypanosomatida","Trypanosomatidae",0,0,1,2.209995537,5,1.5,3601662.665,507.35,66.79,64.53,157.785,223.57,1,0,2.5,0,NA,1,0,0,3
"164","Trypanosoma irangiense",0.706313616,0.453680594,0.000783357,6,0.166666666666667,0,3,1,0,1,0,"Trypanosomatida","Trypanosomatidae",0,0,1,3.474293957,4,2,4156557.939,359.525,33.02,47.045,139.715,243.7,1,10,0.5,0,NA,1,0,0,3
"165","Trypanosoma lambrechti",0.405953453,0.345678685,0.011976561,39,0.153846153846154,0.666666666666667,3,1,0,1,0,"Trypanosomatida","Trypanosomatidae",0,0,1,2.405936597,4.5,2,2399883.07,527.425,16.195,14.425,169.665,251.755,1,10,2.5,0,NA,1,0,0,3
"166","Trypanosoma lesourdi",1,0.257292244,0.000417088,9,0.555555555555556,1,1,1,0,1,0,"Trypanosomatida","Trypanosomatidae",12,0,1,2.457772745,6,2,1061273.593,1072.18,8,3.25,157.69,255.77,1,10,5,0,NA,1,0,0,3
"167","Trypanosoma minasense",0.17977186,0.355260749,0.003361348,102,0.107843137254902,0.551724137931034,8,1,0,1,0,"Trypanosomatida","Trypanosomatidae",0,0,1,2.224246995,4,2,922541.1664,389.33,18.03,12.01,171.5,249.92,1,20,2,0,NA,1,0,0,3
"168","Trypanosoma mycetae",0.350767896,0.297076409,0.008773176,46,0.152173913043478,0.75,5,1,0,1,0,"Trypanosomatida","Trypanosomatidae",0,0,1,2.209995537,3,1,1185284.133,507.35,30.745,16.73,164.35,248.73,1,0,2,0,NA,1,0,0,3
"169","Trypanosoma perodictici",0.576054307,0.398413392,0.002536771,8,0.125,0,5,1,0,1,0,"Trypanosomatida","Trypanosomatidae",6,0,1,3.373355898,4,2,4397561.034,365,57.57,43,139,243.64,1,15,0,0,NA,1,0,0,3
"170","Trypanosoma pestanai",1,0.144175237,0.000118964,32,0.1875,1,2,4,0,1,0,"Trypanosomatida","Trypanosomatidae",0,0,1,3.287605786,1,3,9763858.967,365,2.52,NA,NA,NA,1,20,6,0,NA,1,0,0,3
"171","Trypanosoma primatum",0.498315548,0.195043608,0.010527082,66,0.257575757575758,1,5,1,0,1,0,"Trypanosomatida","Trypanosomatidae",509,0,1,2.467191173,3.5,2,1634352.721,1580.45,11.335,24.145,149.795,242.055,1,15,6.5,0,NA,1,0,0,3
"172","Trypanosoma rangeli",0.29811201,0.307927842,0.002107588,60,0.0833333333333333,1,6,1,0,1,0,"Trypanosomatida","Trypanosomatidae",3,1,1,2.199716056,4,2,1333867.351,383.25,19.49,5.3,176.67,250.5,1,20,3,0,NA,1,0,0,3
"173","Trypanosoma sanmartini",1,0.17267731,0.018640037,25,0.12,1,1,7,0,1,0,"Trypanosomatida","Trypanosomatidae",76,0,1,2.16093366,3,2,4419721.477,383.25,36.09,4.63,186.86,253.03,1,20,3,0,NA,1,0,0,3
"174","Trypanosoma simiae",0.445203637,0.422616883,0.000797932,57,0.087719298245614,0.4,3,7,0,1,0,"Trypanosomatida","Trypanosomatidae",13,0,1,2.961095012,3,1,4483896.471,489.705,4.295,25.855,89.38,234.92,1,0,1,0,NA,1,0,0,3
"175","Trypanosoma theileri",1,0.130582899,0.007306943,27,0.259259259259259,1,1,7,0,1,0,"Trypanosomatida","Trypanosomatidae",0,0,1,3.005106398,1,1,8442938.751,638.75,5.84,31.59,100.45,237.8,1,0,7,0,1,1,0,0,3
"176","Trypanosoma venezuelense",0.706313616,0.216987835,0.034235711,26,0.153846153846154,0.5,NA,NA,0,1,0,"Trypanosomatida","Trypanosomatidae",840,0,1,2.209995537,5,1.5,3601662.665,507.35,66.79,64.53,157.785,223.57,1,0,2.5,0,NA,1,0,0,3
"177","Trypanosoma vivax",0.313020866,0.377597852,0.001155729,37,0.135135135135135,0.4,3,1,0,1,0,"Trypanosomatida","Trypanosomatidae",2,0,1,2.483319089,3,2,3288418.95,352.83,14.755,37.225,129.815,244.46,1,5,1,0,1,1,0,0,3
"178","Babesia bicornis",1,0.117439843,0.001228054,51,0.0588235294117647,1,3,12,NA,NA,NA,"Achromatorida","Babesiidae",9,0,NA,3.513244064,2,1,6697308.45,1049.37,0.11,30.49,70.41,225.9,1,0,3,1,1,0,NA,0,1
"179","Babesia divergens",0.576054307,0.097891779,0.053613806,142,0.147887323943662,1,2,12,NA,NA,NA,"Achromatorida","Babesiidae",414,0,NA,2.408494695,5,1,7256885.952,365,5.255,101.77,55.04,70.03,1,0,11,1,1,0,NA,0,1
"180","Blepharocorys jubata",1,0.170075694,3.4e-05,21,0.0952380952380952,1,1,7,NA,NA,NA,"Entodiniomorphida","Blepharocorythidae",0,0,NA,3.513244064,1,1,5395317.894,967.25,0.47,18.23,60.61,216.38,1,0,2,NA,NA,NA,NA,NA,NA
"181","Charonina hippopotami",1,0.31551438,0,8,0.125,0,1,7,NA,NA,NA,"Entodiniomorphida","Blepharocorythidae",0,0,NA,4.090885842,2,2,1882099.289,696.54,4.86,35.86,91.23,233.56,1,0,1,NA,0,0,NA,NA,1
"182","Cycloposthium bipalmatum",1,0.117439843,0.001228054,51,0.0588235294117647,1,1,7,NA,NA,NA,"Entodiniomorphida","Cycloposthiidae",2,0,NA,3.513244064,2,1,6697308.45,1049.37,0.11,30.49,70.41,225.9,1,0,3,NA,1,0,NA,0,NA
"183","Cycloposthium corrugatum",1,0.117439843,0.001228054,51,0.0588235294117647,1,1,7,NA,NA,NA,"Entodiniomorphida","Cycloposthiidae",0,0,NA,3.513244064,2,1,6697308.45,1049.37,0.11,30.49,70.41,225.9,1,0,3,NA,1,0,NA,0,NA
"184","Cycloposthium dentiferum",1,0.117439843,0.001228054,51,0.0588235294117647,1,1,7,NA,NA,NA,"Entodiniomorphida","Cycloposthiidae",1,0,NA,3.513244064,2,1,6697308.45,1049.37,0.11,30.49,70.41,225.9,1,0,3,NA,1,0,NA,0,NA
"185","Cycloposthium edentatum",1,0.117439843,0.001228054,51,0.0588235294117647,1,1,7,NA,NA,NA,"Entodiniomorphida","Cycloposthiidae",5,0,NA,3.513244064,2,1,6697308.45,1049.37,0.11,30.49,70.41,225.9,1,0,3,NA,1,0,NA,0,1
"186","Cycloposthium scutigerum",0.576054307,0.13669034,0.001938409,109,0.0458715596330275,0.666666666666667,2,7,NA,NA,NA,"Entodiniomorphida","Cycloposthiidae",1,0,NA,3.152877516,2,1,2310772.898,547.5,3.555,32.405,73.065,223.705,1,0,3,NA,1,0,NA,0,NA
"187","Cyclospora cayetanensis",1,0.198794565,0.000672885,12,0.5,1,1,3,NA,NA,NA,"Eucoccidiorida","Eimeriidae",NA,0,NA,2.007910755,1,1,7513074.329,385.5,11.1,241.88,117.36,168.8,1,10,6,NA,NA,NA,NA,NA,NA
"188","Cystoisospora belli",1,0.332664995,0.000222228,8,0.625,1,1,1,NA,NA,NA,"Eucoccidiorida","Sarcocystidae",290,0,NA,2.792510968,1,1,69785.6158,NA,2.27,16.08,50.35,248.21,1,0,5,NA,NA,NA,NA,NA,NA
"189","Diplodinium anacanthum",1,0.117439843,0.001228054,51,0.0588235294117647,1,1,7,NA,NA,NA,"Entodiniomorphida","Ophryoscolecidae",0,0,NA,3.513244064,2,1,6697308.45,1049.37,0.11,30.49,70.41,225.9,1,0,3,0,1,0,0,0,1
"190","Diplodinium dentatum",1,0.117439843,0.001228054,51,0.0588235294117647,1,1,7,NA,NA,NA,"Entodiniomorphida","Ophryoscolecidae",5,0,NA,3.513244064,2,1,6697308.45,1049.37,0.11,30.49,70.41,225.9,1,0,3,0,1,0,0,0,1
"191","Diploplastron affine",1,0.117439843,0.001228054,51,0.0588235294117647,1,1,7,NA,NA,NA,"Entodiniomorphida","Ophryoscolecidae",35,0,NA,3.513244064,2,1,6697308.45,1049.37,0.11,30.49,70.41,225.9,1,0,3,NA,1,NA,NA,NA,1
"192","Eimeria crispus",1,0.207362681,0.001594039,18,0.333333333333333,1,1,4,NA,NA,NA,"Eucoccidiorida","Eimeriidae",3,0,NA,2.020131873,2,1,139673.4316,547.5,1.98,346.2,144.41,93.81,3,0,6,1,0,0,1,1,1
"193","Eimeria hreindyria",1,0.156562344,2.62e-05,32,0.125,1,1,12,NA,NA,NA,"Eucoccidiorida","Eimeriidae",0,0,NA,2.576843501,3,1,18168072.93,365,2.55,1.07,29.21,-90.47,1,0,4,1,0,0,1,1,1
"194","Eimeria kamoshika",0.706313616,0.603681341,0.00079702,18,0.333333333333333,0.5,2,4,NA,NA,NA,"Eucoccidiorida","Eimeriidae",2,0,NA,2.020131873,2,1,77043.0038,547.5,1.98,470.985,154.845,121.335,2.5,0,3,1,0,0,1,1,1
"195","Eimeria mayeri",1,0.156562344,2.62e-05,32,0.125,1,1,6,NA,NA,NA,"Eucoccidiorida","Eimeriidae",2,0,NA,2.576843501,3,1,18168072.93,365,2.55,1.07,29.21,-90.47,1,0,4,1,0,0,1,1,1
"196","Eimeria rangiferis",1,0.156562344,2.62e-05,32,0.125,1,1,6,NA,NA,NA,"Eucoccidiorida","Eimeriidae",1,0,NA,2.576843501,3,1,18168072.93,365,2.55,1.07,29.21,-90.47,1,0,4,1,0,0,1,1,1
"197","Eimeria serowi",1,0.207362681,0.001594039,18,0.333333333333333,1,1,4,NA,NA,NA,"Eucoccidiorida","Eimeriidae",0,0,NA,2.020131873,2,1,139673.4316,547.5,1.98,346.2,144.41,93.81,3,0,6,1,0,0,1,1,1
"198","Elyplastron bubali",1,0.117439843,0.001228054,51,0.0588235294117647,1,1,7,NA,NA,NA,"Entodiniomorphida","Ophryoscolecidae",0,0,NA,3.513244064,2,1,6697308.45,1049.37,0.11,30.49,70.41,225.9,1,0,3,NA,NA,NA,NA,NA,1
"199","Entamoeba histolytica",0.190540344,0.274109272,0.006049129,175,0.217142857142857,0.846153846153846,21,1,1,0,0,"Amoebida","Endamoebidae",0,0,2,2.264735162,2,1,1146145.938,710.985,21.4,38.83,115.815,239.935,1,5,4,0,1,NA,1,NA,1
"200","Entodinium bicornutum",0.706313616,0.143757768,0.000631044,53,0.0566037735849057,1,1,7,NA,NA,NA,"Entodiniomorphida","Ophryoscolecidae",1,0,NA,3.513244064,1.5,1,6046313.172,1008.31,0.29,24.36,65.51,221.14,1,0,2.5,0,1,NA,NA,NA,1
"201","Entodinium bursa",1,0.117439843,0.001228054,51,0.0588235294117647,1,1,7,NA,NA,NA,"Entodiniomorphida","Ophryoscolecidae",9,0,NA,3.513244064,2,1,6697308.45,1049.37,0.11,30.49,70.41,225.9,1,0,3,0,1,NA,NA,NA,1
"202","Entodinium caudatum",0.706313616,0.143757768,0.000631044,53,0.0566037735849057,1,1,7,NA,NA,NA,"Entodiniomorphida","Ophryoscolecidae",113,0,NA,3.513244064,1.5,1,6046313.172,1008.31,0.29,24.36,65.51,221.14,1,0,2.5,0,1,NA,NA,NA,1
"203","Entodinium dubardi",0.706313616,0.143757768,0.000631044,53,0.0566037735849057,1,1,7,NA,NA,NA,"Entodiniomorphida","Ophryoscolecidae",8,0,NA,3.513244064,1.5,1,6046313.172,1008.31,0.29,24.36,65.51,221.14,1,0,2.5,0,1,NA,NA,NA,1
"204","Entodinium furca",0.706313616,0.143757768,0.000631044,53,0.0566037735849057,1,1,7,NA,NA,NA,"Entodiniomorphida","Ophryoscolecidae",4,0,NA,3.513244064,1.5,1,6046313.172,1008.31,0.29,24.36,65.51,221.14,1,0,2.5,0,1,NA,NA,NA,1
"205","Entodinium minimum",0.706313616,0.143757768,0.000631044,53,0.0566037735849057,1,1,7,NA,NA,NA,"Entodiniomorphida","Ophryoscolecidae",1,0,NA,3.513244064,1.5,1,6046313.172,1008.31,0.29,24.36,65.51,221.14,1,0,2.5,0,1,NA,NA,NA,1
"206","Epidinium bulbiferum",0.706313616,0.143757768,0.000631044,53,0.0566037735849057,1,1,7,NA,NA,NA,"Entodiniomorphida","Ophryoscolecidae",0,0,NA,3.513244064,1.5,1,6046313.172,1008.31,0.29,24.36,65.51,221.14,1,0,2.5,NA,NA,NA,NA,NA,NA
"207","Epidinium caudatum",1,0.117439843,0.001228054,51,0.0588235294117647,1,1,7,NA,NA,NA,"Entodiniomorphida","Ophryoscolecidae",46,0,NA,3.513244064,2,1,6697308.45,1049.37,0.11,30.49,70.41,225.9,1,0,3,NA,NA,NA,NA,NA,NA
"208","Epidinium gigas",0.706313616,0.143757768,0.000631044,53,0.0566037735849057,1,1,7,NA,NA,NA,"Entodiniomorphida","Ophryoscolecidae",1,0,NA,3.513244064,1.5,1,6046313.172,1008.31,0.29,24.36,65.51,221.14,1,0,2.5,NA,NA,NA,NA,NA,NA
"209","Eudiplodinium maggi",0.706313616,0.143757768,0.000631044,53,0.0566037735849057,1,1,7,NA,NA,NA,"Entodiniomorphida","Ophryoscolecidae",2,0,NA,3.513244064,1.5,1,6046313.172,1008.31,0.29,24.36,65.51,221.14,1,0,2.5,NA,NA,NA,NA,NA,NA
"210","Metadinium medium",0.706313616,0.143757768,0.000631044,53,0.0566037735849057,1,1,7,NA,NA,NA,"Entodiniomorphida","Ophryoscolecidae",8,0,NA,3.513244064,1.5,1,6046313.172,1008.31,0.29,24.36,65.51,221.14,1,0,2.5,NA,NA,NA,NA,NA,NA
"211","Ostracodinium gracile",1,0.117439843,0.001228054,51,0.0588235294117647,1,1,7,NA,NA,NA,"Entodiniomorphida","Ophryoscolecidae",7,0,NA,3.513244064,2,1,6697308.45,1049.37,0.11,30.49,70.41,225.9,1,0,3,NA,NA,NA,NA,NA,NA
"212","Ostracodinium mammosum",1,0.117439843,0.001228054,51,0.0588235294117647,1,1,7,NA,NA,NA,"Entodiniomorphida","Ophryoscolecidae",5,0,NA,3.513244064,2,1,6697308.45,1049.37,0.11,30.49,70.41,225.9,1,0,3,NA,NA,NA,NA,NA,NA
"213","Ostracodinium trivesiculatum",1,0.117439843,0.001228054,51,0.0588235294117647,1,1,7,NA,NA,NA,"Entodiniomorphida","Ophryoscolecidae",1,0,NA,3.513244064,2,1,6697308.45,1049.37,0.11,30.49,70.41,225.9,1,0,3,NA,NA,NA,NA,NA,NA
"214","Paraisotricha minuta",1,0.31551438,0,8,0.125,0,1,7,NA,NA,NA,"Vestibuliferida","Paraisotrichidae",0,0,NA,4.090885842,2,2,1882099.289,696.54,4.86,35.86,91.23,233.56,1,0,1,NA,NA,NA,NA,NA,NA
"215","Paraplagiopyla kiboko",1,0.31551438,0,8,0.125,0,1,7,NA,NA,NA,"Plagiopylida","Plagiopylidae",0,0,NA,4.090885842,2,2,1882099.289,696.54,4.86,35.86,91.23,233.56,1,0,1,NA,NA,NA,NA,NA,NA
"216","Parentodinium africanum",1,0.31551438,0,8,0.125,0,1,7,NA,NA,NA,"Entodiniomorphida","Parentodiniidae",6,0,NA,4.090885842,2,2,1882099.289,696.54,4.86,35.86,91.23,233.56,1,0,1,NA,NA,NA,NA,NA,NA
"217","Parentodinium ostrea",1,0.31551438,0,8,0.125,0,1,7,NA,NA,NA,"Entodiniomorphida","Parentodiniidae",1,0,NA,4.090885842,2,2,1882099.289,696.54,4.86,35.86,91.23,233.56,1,0,1,NA,NA,NA,NA,NA,NA
"218","Polyplastron multivesiculatum",1,0.117439843,0.001228054,51,0.0588235294117647,1,1,7,NA,NA,NA,"Entodiniomorphida","Ophryoscolecidae",68,0,NA,3.513244064,2,1,6697308.45,1049.37,0.11,30.49,70.41,225.9,1,0,3,NA,NA,NA,NA,NA,NA
"219","Prototapirella gorillae",1,0.134264815,0.001468616,33,0.333333333333333,1,3,1,NA,NA,NA,"Entodiniomorphida","Cycloposthiidae",3,0,NA,2.821180607,3,2,695615.4328,1430.8,0.59,13.91,152.88,242.43,1,0,11,NA,NA,NA,NA,NA,NA
"220","Sarcocystis alces",1,0.133004405,0.000217045,41,0.170731707317073,1,1,11,NA,NA,NA,"Eucoccidiorida","Sarcocystidae",19,0,NA,2.439927916,1,1,7963741.77,365,0.4,NA,NA,NA,1,0,7,1,1,0,1,1,2
"221","Sarcocystis hardangeri",1,0.156562344,2.62e-05,32,0.125,1,1,6,NA,NA,NA,"Eucoccidiorida","Sarcocystidae",10,0,NA,2.576843501,3,1,18168072.93,365,2.55,1.07,29.21,-90.47,1,0,4,1,1,0,1,1,2
"222","Sarcocystis ovalis",1,0.133004405,0.000217045,42,0.166666666666667,1,2,6,NA,NA,NA,"Eucoccidiorida","Sarcocystidae",5,0,NA,2.439927916,1,1,7963741.77,365,0.4,NA,NA,NA,1,0,7,1,1,0,1,1,2
"223","Sarcocystis scandinavica",1,0.133004405,0.000217045,42,0.166666666666667,1,1,11,NA,NA,NA,"Eucoccidiorida","Sarcocystidae",1,0,NA,2.439927916,1,1,7963741.77,365,0.4,NA,NA,NA,1,0,7,1,1,0,1,1,2
"224","Spirodinium equi",1,0.117439843,0.001228054,51,0.0588235294117647,1,1,7,NA,NA,NA,"Entodiniomorphida","Spirodiniidae",60,0,NA,3.513244064,2,1,6697308.45,1049.37,0.11,30.49,70.41,225.9,1,0,3,NA,NA,NA,NA,NA,NA
"225","Tetratoxum parvum",1,0.117439843,0.001228054,51,0.0588235294117647,1,1,7,NA,NA,NA,"Entodiniomorphida","Ditoxidae",3,0,NA,3.513244064,2,1,6697308.45,1049.37,0.11,30.49,70.41,225.9,1,0,3,NA,NA,NA,NA,NA,NA
"226","Tetratoxum unifasciculatum",1,0.117439843,0.001228054,51,0.0588235294117647,1,1,7,NA,NA,NA,"Entodiniomorphida","Ditoxidae",39,0,NA,3.513244064,2,1,6697308.45,1049.37,0.11,30.49,70.41,225.9,1,0,3,NA,NA,NA,NA,NA,NA
"227","Triadinium galea",1,0.117439843,0.001228054,51,0.0588235294117647,1,1,7,NA,NA,NA,"Entodiniomorphida","Spirodiniidae",254,0,NA,3.513244064,2,1,6697308.45,1049.37,0.11,30.49,70.41,225.9,1,0,3,NA,NA,NA,NA,NA,NA
"228","Troglocorys cava",1,0.118318468,0.035618845,43,0.325581395348837,1,3,98,NA,NA,NA,"Entodiniomorphida","Blepharocorythidae",24,0,NA,2.58751357,6,2,2489781.737,1825,1.63,34.36,149.72,241.68,1,10,14,NA,NA,NA,NA,NA,NA
