protID,protname,zoostat,zscore,cscore,parphylum,parclass,parorder,parfamily,tm_close,tm_nonclose,tm_vector,tm_intermediate,numgmpdrecords,googlehits,WOShits,normalised.degree,betweenness,weighted.betweenness,closeness,weighted.closeness,deg.uni,bet.uni,eig.uni,mpd.obs,mpd.rand.sd,mpd.obs.rank,mpd.obs.z,mpd.obs.p,numhosts,numhostzoores,prophostzoores,protcommsize,propprotcommzoon,type,intra_extra,dom_host,flagella,cyst,sexual,cattle,sheep,goat,dog,cat,pig,horse,chicken,numdomhosts,muscular,skeletal,circulatory,respiratory,digestive,immune,urinary,nervous,endocrine,reproductive,lymphatic,integumentary,ocular,multi,numsys
1,Babesia bigemina,0,-1,1,Apicomplexa,Aconoidasida,Achromatorida,Babesiidae,0,0,1,0,2,8100,797,0.00816326530612245,0,0,0.005094961815987275,0.002354528404929294,4,10.505509305509305,0.025468723035533505,26.700000000000003,28.549840930102967,349,-0.6969472016904379,0.34865134865134867,2,2,1,12,0.16666666666666666,Sporozoan,1,1,0,NA,0,1,1,1,0,1,0,1,0,5,0,0,1,0,0,0,0,0,0,0,0,0,0,0,1
2,Babesia bovis,0,-1,1,Apicomplexa,Aconoidasida,Achromatorida,Babesiidae,0,0,1,0,1,13600,1253,0.004081632653061225,0,0,0.005094961815987275,0.0017448795658526828,2,0,0.016857046381695537,NA,NA,NA,NA,NA,1,1,1,12,0.16666666666666666,Sporozoan,1,1,0,NA,0,1,0,0,0,1,0,0,0,2,0,0,1,0,0,0,0,0,0,0,0,0,0,0,1
3,Babesia cellii,0,-1,3,Apicomplexa,Aconoidasida,Achromatorida,Babesiidae,0,0,1,0,1,249,0,0.004081632653061225,0,0,0.00452154360422487,0.0017114063729642111,2,0,0.023373425853437595,NA,NA,NA,NA,NA,1,1,1,9,0.5555555555555556,Sporozoan,1,1,0,NA,0,1,1,1,1,1,0,1,0,6,0,0,1,0,0,0,0,0,0,0,0,0,0,0,1
4,Babesia cynicti,0,-1,3,Apicomplexa,Aconoidasida,Achromatorida,Babesiidae,0,0,1,0,4,18,1,0.004081632653061225,0,0,0,NA,2,0,0,NA,NA,NA,NA,NA,1,0,0,1,0,Sporozoan,1,1,0,NA,0,1,1,1,1,1,0,1,0,6,0,0,1,0,0,0,0,0,0,0,0,0,0,0,1
5,Babesia equi,0,-1,1,Apicomplexa,Aconoidasida,Achromatorida,Babesiidae,0,0,1,0,3,6330,456,0.00816326530612245,0,0,0.004728350172401475,0.0017002289293248335,4,842,0.04509580387653959,85.5111111111111,21.32501220707923,606.5,0.40404929543867646,0.6058941058941059,2,1,0.5,13,0.38461538461538464,Sporozoan,1,1,0,NA,0,1,1,1,1,1,0,1,0,6,0,0,1,0,0,0,0,0,0,0,0,0,0,0,1
6,Babesia lotori,0,-1,3,Apicomplexa,Aconoidasida,Achromatorida,Babesiidae,0,0,1,0,10,69,3,0.004081632653061225,0,0,0.005123162711647721,0.0017533164174637866,2,0,0.019386233605391604,NA,NA,NA,NA,NA,1,1,1,9,0.3333333333333333,Sporozoan,1,1,0,NA,0,1,1,1,1,1,0,1,0,6,0,0,1,0,0,0,0,0,0,0,0,0,0,0,1
7,Babesia microti,0,0,1,Apicomplexa,Aconoidasida,Achromatorida,Babesiidae,0,0,1,0,1,9680,189,0.004081632653061225,0,0,0.004728350172401475,0.0017002289293248335,2,0,0.04471709853652682,NA,NA,NA,NA,NA,1,1,1,13,0.38461538461538464,Sporozoan,1,1,0,NA,0,1,1,1,1,1,0,1,0,6,0,0,1,0,0,0,0,0,0,0,0,0,0,0,1
8,Babesia missirolii,0,-1,3,Apicomplexa,Aconoidasida,Achromatorida,Babesiidae,0,0,1,0,1,17,1,0.004081632653061225,0,0,0.004944557039131563,0.0017323338233804974,2,0,0.013294638595454288,NA,NA,NA,NA,NA,1,1,1,7,0.14285714285714285,Sporozoan,1,1,0,NA,0,1,1,1,1,1,0,1,0,6,0,0,1,0,0,0,0,0,0,0,0,0,0,0,1
9,Babesia odocoilei,0,-1,2,Apicomplexa,Aconoidasida,Achromatorida,Babesiidae,0,0,1,0,21,491,59,0.004081632653061225,0,0,0.005094961815987275,0.0017448795658526828,2,0,0.016857046381695533,NA,NA,NA,NA,NA,1,1,1,12,0.16666666666666666,Sporozoan,1,1,0,NA,0,1,1,1,1,1,0,1,0,6,0,0,1,0,0,0,0,0,0,0,0,0,0,0,1
10,Babesia ovis,0,-1,1,Apicomplexa,Aconoidasida,Achromatorida,Babesiidae,0,0,1,0,7,4130,216,0.012244897959183673,0,0,0.005151363607308167,0.002335869569914561,6,847.2378425313224,0.03438319079729592,19.2,31.915779683138094,199,-0.955655999661285,0.19880119880119881,3,2,0.6666666666666666,9,0.2222222222222222,Sporozoan,1,1,0,NA,0,0,1,1,0,0,0,0,0,2,0,0,1,0,0,0,0,0,0,0,0,0,0,0,1
11,Babesia pitheci,0,-1,3,Apicomplexa,Aconoidasida,Achromatorida,Babesiidae,0,0,1,0,5,46,0,0.0163265306122449,9.858464359161461e-4,8.56650650155011e-6,0.005151363607308167,0.0025716002125100897,8,265.78270820935853,0.11019340949731887,20.256,34.93335338640037,114,-1.440194490156129,0.11388611388611389,4,3,0.75,20,0.25,Sporozoan,1,1,0,NA,0,1,1,1,1,1,0,1,0,6,0,0,1,0,0,0,0,0,0,0,0,0,0,0,1
12,Babesia propitheci,0,-1,3,Apicomplexa,Aconoidasida,Achromatorida,Babesiidae,0,0,1,0,2,11,0,0.004081632653061225,0,0,0,NA,2,0,0,NA,NA,NA,NA,NA,1,0,0,1,0,Sporozoan,1,1,0,NA,0,1,1,1,1,1,0,1,0,6,0,0,1,0,0,0,0,0,0,0,0,0,0,0,1
13,Babesia rossi,0,-1,1,Apicomplexa,Aconoidasida,Achromatorida,Babesiidae,0,0,1,0,1,2650,89,0.004081632653061225,0,0,0,NA,2,0,0,NA,NA,NA,NA,NA,1,0,0,1,0,Sporozoan,1,1,0,NA,0,1,1,1,1,1,0,1,0,6,0,0,1,0,0,0,0,0,0,0,0,0,0,0,1
14,Balantidium aragaoi,0,-1,3,Ciliophora,Litostomatea,Vestibuliferida,Balantidiidae,1,1,0,0,1,27,0,0.004081632653061225,0,0,0.0044369409172435315,0.0017329022143829935,2,0,0.012748955856140972,NA,NA,NA,NA,NA,1,1,1,7,0.2857142857142857,Ciliate,0,0,0,1,1,NA,NA,NA,NA,NA,NA,NA,NA,NA,0,0,0,0,1,0,0,0,0,0,0,0,0,0,1
15,Balantidium coli,1,1,1,Ciliophora,Litostomatea,Vestibuliferida,Balantidiidae,1,1,0,0,64,7710,169,0.07346938775510205,0.07105094167394467,0.027291659437517914,0.00689981913825583,0.0032406281144363564,36,13881.922119181212,0.4795884177442062,75.19072265624999,17.35665401364874,29.5,-1.9528650428521577,0.029470529470529472,18,18,1,54,0.18518518518518517,Ciliate,0,1,0,1,1,0,0,0,0,0,1,0,0,1,0,0,0,0,1,0,0,0,0,0,0,0,0,0,1
16,Besnoitia tarandi,0,-1,2,Apicomplexa,Coccidia,Eucoccidiorida,Sarcocystidae,0,1,1,1,2,204,16,0.004081632653061225,0,0,0.005141963308754686,0.0017859361253316627,2,0,0.01304556825797391,NA,NA,NA,NA,NA,1,1,1,9,0.1111111111111111,Sporozoan,1,0,0,1,1,NA,NA,NA,NA,NA,NA,NA,NA,NA,1,0,0,1,0,0,1,1,0,0,1,1,1,1,7
17,Blastocystis hominis,0,0,1,Heterokontophyta,Blastocystea,Blastocystida,Blastocystidae,1,1,0,0,6,9780,957,0.024489795918367346,0.013226004328969782,5.264118245202543e-4,0.006326400926493426,0.0026715462684681972,12,3305.7486327075085,0.1433754417315624,63.03333333333334,23.902731022320534,110,-1.503686931004607,0.10989010989010989,6,5,0.8333333333333334,34,0.3235294117647059,Flagellate,0,1,0,1,0,0,0,0,0,0,1,0,1,2,0,0,0,0,1,0,0,0,0,0,0,0,0,0,1
18,Chilomastix mesnili,0,0,1,Metamonada,Eopharyngia,Retortamonadida,Chilomastigidae,1,1,0,0,24,2150,42,0.0653061224489796,0.022326214591579487,0.033436828969738486,0.0068434173469349375,0.0032783935367175438,32,6163.974433915785,0.5571731283346717,59.772222222222226,18.59831654340851,8,-2.9158904133417427,0.007992007992007992,16,15,0.9375,53,0.20754716981132076,Flagellate,0,1,1,1,NA,0,0,0,0,0,1,0,0,1,0,0,0,0,1,0,0,0,0,0,0,0,0,0,1
19,Cryptosporidium parvum,1,1,2,Apicomplexa,Coccidia,Eucoccidiorida,Cryptosporidiidae,1,1,0,0,38,41400,5648,0.06938775510204082,0.02490063636584724,0.001400623813003443,0.006448604807688692,0.0034017365859081525,34,6147.650497972977,0.2633340799887542,110.71643535427319,12.882748203682201,263,-0.608941125292099,0.2627372627372627,17,17,1,42,0.16666666666666666,Sporozoan,1,1,0,1,1,1,0,0,0,1,0,0,0,2,0,0,0,0,1,0,0,0,0,0,0,0,0,0,1
20,Cyclospora cercopitheci,0,-1,3,Apicomplexa,Coccidia,Eucoccidiorida,Eimeriidae,1,1,0,0,1,131,2,0.004081632653061225,0,0,0.00452154360422487,0.001702459886565609,2,0,0.019520621353253095,NA,NA,NA,NA,NA,1,1,1,8,0.375,Sporozoan,1,0,0,0,1,NA,NA,NA,NA,NA,NA,NA,NA,NA,0,0,0,0,1,0,0,0,0,0,0,0,0,0,1
21,Cyclospora colobi,0,-1,2,Apicomplexa,Coccidia,Eucoccidiorida,Eimeriidae,1,1,0,0,1,913,3,0.004081632653061225,0,0,0.004465141812903978,0.0016852853978122301,2,0,0.035380348323448586,NA,NA,NA,NA,NA,1,1,1,8,0.375,Sporozoan,1,0,0,0,1,NA,NA,NA,NA,NA,NA,NA,NA,NA,0,0,0,0,1,0,0,0,0,0,0,0,0,0,1
22,Cyclospora papionis,0,-1,2,Apicomplexa,Coccidia,Eucoccidiorida,Eimeriidae,1,1,0,0,2,184,7,0.00816326530612245,0,0,0.004906955844917634,0.0022933993836757064,4,2.357349941201792,0.08319071388307897,7.5,37.326170917064985,242,-0.8629273210207297,0.24175824175824176,2,2,1,14,0.35714285714285715,Sporozoan,1,0,0,0,1,NA,NA,NA,NA,NA,NA,NA,NA,NA,0,0,0,0,1,0,0,0,0,0,0,0,0,0,1
23,Cystoisospora felis,0,-1,1,Apicomplexa,Coccidia,Eucoccidiorida,Sarcocystidae,0,1,0,0,18,2480,29,0.0326530612244898,0.0026036867799350597,1.1564783777092648e-4,0.005564976743661379,0.003200836102043086,16,303.7209958066888,0.11857209213061806,57.10987654320987,22.022744148002957,49,-1.5903102462372578,0.04895104895104895,8,8,1,17,0.23529411764705882,Sporozoan,1,1,0,1,1,0,0,0,0,1,0,0,0,1,0,0,0,0,1,0,0,0,0,0,0,0,0,0,1
24,Cystoisospora ohioensis,0,-1,1,Apicomplexa,Coccidia,Eucoccidiorida,Sarcocystidae,0,1,0,0,1,496,18,0.004081632653061225,0,0,0.004972757934792009,0.0017240223681957013,2,0,0.015311843710821843,NA,NA,NA,NA,NA,1,1,1,8,0.125,Sporozoan,1,1,0,1,1,0,0,0,1,0,0,0,0,1,0,0,0,0,1,0,0,0,0,0,0,0,0,0,1
25,Cytauxzoon felis,0,-1,2,Apicomplexa,Aconoidasida,Piroplasmida,Theileriidae,0,0,1,1,10,798,102,0.012244897959183673,0,0,0.00488815524781067,0.0026446567224418863,6,4.245327929107701,0.033213552514869606,17.988,30.722226967217747,165.5,-1.1583505929952456,0.16533466533466534,3,3,1,5,0.4,Sporozoan,1,1,0,0,1,0,0,0,0,1,0,0,0,1,0,0,1,0,0,0,0,0,0,0,0,0,0,0,1
26,Cytauxzoon manul,0,-1,2,Apicomplexa,Aconoidasida,Piroplasmida,Theileriidae,0,0,1,1,1,286,11,0.004081632653061225,0,0,0,NA,2,0,0,NA,NA,NA,NA,NA,1,0,0,1,0,Sporozoan,1,0,0,0,1,NA,NA,NA,NA,NA,NA,NA,NA,NA,0,0,1,0,0,0,0,0,0,0,0,0,0,0,1
27,Dientamoeba fragilis,0,0,1,Metamonada,Trichomonada,Trichomonadida,Monocercomonadidae,1,1,0,0,9,3620,231,0.024489795918367346,6.8473629434486e-4,1.7438959663869867e-5,0.005188964801522096,0.002980794170282374,12,75.30113836955603,0.2481731046989128,27.106172839506172,30.661060935957057,56.5,-1.8407330765413028,0.05644355644355644,6,6,1,24,0.20833333333333334,Flagellate,0,1,0,1,0,0,0,0,0,0,1,0,0,1,0,0,0,0,1,0,0,0,0,0,0,0,0,0,1
28,Eimeria auburnensis,0,-1,2,Apicomplexa,Coccidia,Eucoccidiorida,Eimeriidae,0,1,0,0,1,751,37,0.004081632653061225,0,0,1.1280358264178471e-4,NA,2,0,0,NA,NA,NA,NA,NA,1,0,0,3,0,Sporozoan,1,1,0,1,1,1,0,0,0,1,0,0,0,2,0,0,0,0,1,0,0,0,0,0,0,0,0,0,1
29,Eimeria bovis,0,-1,1,Apicomplexa,Coccidia,Eucoccidiorida,Eimeriidae,0,1,0,0,2,5690,243,0.004081632653061225,0,0,1.1280358264178471e-4,NA,2,0,0,NA,NA,NA,NA,NA,1,0,0,3,0,Sporozoan,1,1,0,1,1,1,0,0,0,1,0,0,0,2,0,0,0,0,1,0,0,0,0,0,0,0,0,0,1
30,Eimeria felina,0,-1,2,Apicomplexa,Coccidia,Eucoccidiorida,Eimeriidae,0,1,0,0,2,122,0,0.00816326530612245,0,0,0.00488815524781067,0.0023296765741864112,4,0.6176470588235294,0.028801345529947873,42.1,22.31560603791488,365,-0.5279683787248978,0.3646353646353646,2,2,1,5,0.4,Sporozoan,1,1,0,1,1,0,0,0,0,1,0,0,0,1,0,0,0,0,1,0,0,0,0,0,0,0,0,0,1
31,Eimeria furonis,0,-1,3,Apicomplexa,Coccidia,Eucoccidiorida,Eimeriidae,0,1,0,0,7,52,5,0.004081632653061225,0,0,0.004107930467871659,0.0017049443959153794,2,0,0.003947190018627014,NA,NA,NA,NA,NA,1,0,0,3,0,Sporozoan,1,0,0,1,1,NA,NA,NA,NA,NA,NA,NA,NA,NA,0,0,0,0,1,0,0,0,0,0,0,0,0,0,1
32,Eimeria ictidea,0,-1,3,Apicomplexa,Coccidia,Eucoccidiorida,Eimeriidae,0,1,0,0,7,40,1,0.004081632653061225,0,0,0.004107930467871659,0.0017049443959153794,2,0,0.003947190018627014,NA,NA,NA,NA,NA,1,0,0,3,0,Sporozoan,1,0,0,1,1,NA,NA,NA,NA,NA,NA,NA,NA,NA,0,0,0,0,1,0,0,0,0,0,0,0,0,0,1
33,Eimeria macusaniensis,0,-1,2,Apicomplexa,Coccidia,Eucoccidiorida,Eimeriidae,0,1,0,0,1,227,34,0.004081632653061225,0,0,0,NA,2,0,0,NA,NA,NA,NA,NA,1,0,0,1,0,Sporozoan,1,0,0,1,1,NA,NA,NA,NA,NA,NA,NA,NA,NA,0,0,0,0,1,0,0,0,0,0,0,0,0,0,1
34,Eimeria madisonensis,0,-1,3,Apicomplexa,Coccidia,Eucoccidiorida,Eimeriidae,0,1,0,0,1,15,0,0.004081632653061225,0,0,0.005094961815987275,0.0017448795658526828,2,0,0.016857046381695537,NA,NA,NA,NA,NA,1,1,1,12,0.16666666666666666,Sporozoan,1,NA,0,1,1,NA,NA,NA,NA,NA,NA,NA,NA,NA,0,0,0,0,1,0,0,0,0,0,0,0,0,0,1
35,Eimeria mccordocki,0,-1,3,Apicomplexa,Coccidia,Eucoccidiorida,Eimeriidae,0,1,0,0,1,37,2,0.004081632653061225,0,0,0.005094961815987275,0.0017448795658526828,2,0,0.016857046381695537,NA,NA,NA,NA,NA,1,1,1,12,0.16666666666666666,Sporozoan,1,NA,0,1,1,NA,NA,NA,NA,NA,NA,NA,NA,NA,0,0,0,0,1,0,0,0,0,0,0,0,0,0,1
36,Eimeria melis,0,-1,2,Apicomplexa,Coccidia,Eucoccidiorida,Eimeriidae,0,1,0,0,24,89,2,0.004081632653061225,0,0,0.004944557039131563,0.0017323338233804974,2,0,0.01329463859545429,NA,NA,NA,NA,NA,1,1,1,7,0.14285714285714285,Sporozoan,1,NA,0,1,1,NA,NA,NA,NA,NA,NA,NA,NA,NA,0,0,0,0,1,0,0,0,0,0,0,0,0,0,1
37,Eimeria mephitidis,0,-1,3,Apicomplexa,Coccidia,Eucoccidiorida,Eimeriidae,0,1,0,0,5,13,0,0.004081632653061225,0,0,1.1280358264178471e-4,NA,2,0,0,NA,NA,NA,NA,NA,1,0,0,3,0,Sporozoan,1,NA,0,1,1,NA,NA,NA,NA,NA,NA,NA,NA,NA,0,0,0,0,1,0,0,0,0,0,0,0,0,0,1
38,Eimeria nuttalli,0,-1,3,Apicomplexa,Coccidia,Eucoccidiorida,Eimeriidae,0,1,0,0,3,95,1,0.00816326530612245,0,0,0.005123162711647721,0.002339043832344744,4,20.613568438568443,0.02801932973273865,2.5777777777777775,36.555347334888026,233.5,-0.9511195944236428,0.23326673326673328,2,2,1,9,0.3333333333333333,Sporozoan,1,NA,0,1,1,NA,NA,NA,NA,NA,NA,NA,NA,NA,0,0,0,0,1,0,0,0,0,0,0,0,0,0,1
39,Eimeria odocoilei,0,-1,3,Apicomplexa,Coccidia,Eucoccidiorida,Eimeriidae,0,1,0,0,1,94,5,0.004081632653061225,0,0,0.005094961815987275,0.0017448795658526828,2,0,0.01685704638169554,NA,NA,NA,NA,NA,1,1,1,12,0.16666666666666666,Sporozoan,1,NA,0,1,1,NA,NA,NA,NA,NA,NA,NA,NA,NA,0,0,0,0,1,0,0,0,0,0,0,0,0,0,1
40,Eimeria pachylepyron,0,-1,3,Apicomplexa,Coccidia,Eucoccidiorida,Eimeriidae,0,1,0,0,1,5,2,0.004081632653061225,0,0,0,NA,2,0,0,NA,NA,NA,NA,NA,1,0,0,1,0,Sporozoan,1,NA,0,1,1,NA,NA,NA,NA,NA,NA,NA,NA,NA,0,0,0,0,1,0,0,0,0,0,0,0,0,0,1
41,Eimeria vulpis,0,-1,2,Apicomplexa,Coccidia,Eucoccidiorida,Eimeriidae,0,1,0,0,1,811,6,0.004081632653061225,0,0,0.00488815524781067,0.0017186667946944212,2,0,0.013821857492325146,NA,NA,NA,NA,NA,1,1,1,5,0.4,Sporozoan,1,NA,0,1,1,NA,NA,NA,NA,NA,NA,NA,NA,NA,0,0,0,0,1,0,0,0,0,0,0,0,0,0,1
42,Eimeria zuernii,0,-1,2,Apicomplexa,Coccidia,Eucoccidiorida,Eimeriidae,0,1,0,0,1,1330,92,0.004081632653061225,0,0,1.1280358264178471e-4,NA,2,0,0,NA,NA,NA,NA,NA,1,0,0,3,0,Sporozoan,1,1,0,1,1,1,0,0,0,1,0,0,0,2,0,0,0,0,1,0,0,0,0,0,0,0,0,0,1
43,Endolimax nana,0,0,1,Amoebozoa,Archamoebae,Mastigamoebida,Mastigamoebidae,1,1,0,0,23,5330,121,0.05714285714285714,0.019422378820479872,0.0036133320459097854,0.006702412868632707,0.0032489179959398332,28,3523.670022423708,0.5237353306957288,49.092627599243855,20.449345445831188,10,-2.862341079530856,0.00999000999000999,14,14,1,48,0.25,Amoeba,0,0,0,1,0,NA,NA,NA,NA,NA,NA,NA,NA,NA,0,0,0,0,1,0,0,0,0,0,0,0,0,0,1
44,Entamoeba chattoni,1,1,1,Sarcomastigophora,Lobosea,Amoebida,Endamoebidae,1,1,0,0,8,334,13,0.0163265306122449,0.0044937326837690365,4.140478142415887e-5,0.006053792268442445,0.002762365044652709,8,401.00605817416243,0.17308923516154287,39.275,27.911727993761723,139.5,-1.338488262965435,0.13936063936063936,4,4,1,26,0.23076923076923078,Amoeba,0,NA,NA,1,NA,NA,NA,NA,NA,NA,NA,NA,NA,NA,0,0,0,0,1,0,0,0,0,0,0,0,0,0,1
45,Entamoeba coli,1,3,1,Sarcomastigophora,Lobosea,Amoebida,Endamoebidae,1,1,0,0,115,32200,804,0.11428571428571428,0.047160475943127944,0.11730242141725712,0.006975021526683688,0.003459327878882791,56,14825.98643018128,0.8093922261502648,53.68559546313799,17.674573987190737,3,-2.4158570564731114,0.002997002997002997,28,28,1,56,0.21428571428571427,Amoeba,0,NA,NA,1,NA,NA,NA,NA,NA,NA,NA,NA,NA,NA,0,0,0,0,1,0,0,0,0,0,0,0,0,0,1
46,Entamoeba dispar,0,0,1,Sarcomastigophora,Lobosea,Amoebida,Endamoebidae,1,1,0,0,2,9450,791,0.00816326530612245,0,0,0.004465141812903978,0.0022605421316812895,4,1.2663261130860701,0.05484148066727009,20.2,32.55918645062555,302.5,-0.7923983589140221,0.3021978021978022,2,2,1,8,0.375,Amoeba,0,NA,NA,1,NA,NA,NA,NA,NA,NA,NA,NA,NA,NA,0,0,0,0,1,0,0,0,0,0,0,0,0,0,1
47,Entamoeba hartmanni,1,1,3,Sarcomastigophora,Lobosea,Amoebida,Endamoebidae,1,1,0,0,36,4410,42,0.06938775510204082,0.03113555196770321,0.0011182591500014834,0.006749414361400118,0.0032859004178636473,34,6847.842590969488,0.6054829479393081,53.5320987654321,19.82216002051865,7,-2.611242900820146,0.006993006993006993,17,17,1,50,0.22,Amoeba,0,NA,NA,1,NA,NA,NA,NA,NA,NA,NA,NA,NA,NA,0,0,0,0,1,0,0,0,0,0,0,0,0,0,1
48,Entamoeba polecki,1,1,3,Sarcomastigophora,Lobosea,Amoebida,Endamoebidae,1,1,0,0,1,4020,44,0.004081632653061225,0,0,0.004906955844917634,0.0017607518871368285,2,0,0.05013184717655277,NA,NA,NA,NA,NA,1,1,1,14,0.35714285714285715,Amoeba,0,NA,NA,1,NA,NA,NA,NA,NA,NA,NA,NA,NA,NA,0,0,0,0,1,0,0,0,0,0,0,0,0,0,1
49,Entopolypoides macaci,0,-1,3,Apicomplexa,Aconoidasida,Achromatorida,Babesiidae,0,0,1,0,5,56,8,0.0163265306122449,0.018484950125668153,7.966851046441601e-5,0.005123162711647721,0.0025754372329928866,8,2564.2808521194925,0.07931936787452003,21.248,33.953617324388915,127,-1.4578165069590046,0.12687312687312688,4,4,1,25,0.36,Sporozoan,NA,NA,NA,NA,NA,NA,NA,NA,NA,NA,NA,NA,NA,NA,NA,NA,NA,NA,NA,NA,NA,NA,NA,NA,NA,NA,NA,NA,NA
50,Giardia intestinalis,0,0,1,Sarcomastigophora,Zoomastigophora,Diplomonadida,Hexamitidae,1,1,0,0,50,29900,1265,0.08571428571428572,0.05303754007865375,0.17995563324697075,0.0067588146599536,0.003575758593139228,42,16634.352036068532,0.46213254627286365,120.24628099173552,11.239715095841216,182,-0.5593495169821489,0.18181818181818182,21,20,0.9523809523809523,51,0.21568627450980393,Flagellate,0,NA,NA,NA,NA,NA,NA,NA,NA,NA,NA,NA,NA,NA,0,0,0,0,1,0,0,0,0,0,0,0,0,0,1
51,Hepatocystis cercopitheci,0,-1,3,Apicomplexa,Aconoidasida,Haemosporida,Plasmodiidae,0,0,1,0,12,11,0,0.02040816326530612,0.0012021791423526152,0,0.004944557039131563,0.0022597503494532,10,2319.7864157273357,0.060243713395797066,12.93888888888889,35.80541902517854,75,-1.4953730860350503,0.07492507492507493,5,3,0.6,15,0.26666666666666666,Sporozoan,NA,NA,NA,NA,NA,NA,NA,NA,NA,NA,NA,NA,NA,NA,NA,NA,NA,NA,NA,NA,NA,NA,NA,NA,NA,NA,NA,NA,NA
52,Hepatocystis foleyi,0,-1,3,Apicomplexa,Aconoidasida,Haemosporida,Plasmodiidae,0,0,1,0,1,12,0,0.004081632653061225,0,0,0.004164332259192552,0.0016248257583382384,2,0,0.00409628499623424,NA,NA,NA,NA,NA,1,1,1,3,0.3333333333333333,Sporozoan,NA,NA,NA,NA,NA,NA,NA,NA,NA,NA,NA,NA,NA,NA,NA,NA,NA,NA,NA,NA,NA,NA,NA,NA,NA,NA,NA,NA,NA
53,Hepatocystis kochi,0,-1,3,Apicomplexa,Aconoidasida,Haemosporida,Plasmodiidae,0,0,1,0,29,272,2,0.07755102040816327,0.008326464115199826,0.04019825017274769,0.005912787790140215,0.0032039528698192747,38,7734.679729736876,0.3769175526187669,30.59024970273484,21.132575969274207,2,-3.5400467340837283,0.001998001998001998,19,13,0.6842105263157895,37,0.1891891891891892,Sporozoan,NA,NA,NA,NA,NA,NA,NA,NA,NA,NA,NA,NA,NA,NA,NA,NA,NA,NA,NA,NA,NA,NA,NA,NA,NA,NA,NA,NA,NA
54,Hepatocystis semnopitheci,0,-1,3,Apicomplexa,Aconoidasida,Haemosporida,Plasmodiidae,0,0,1,0,6,45,0,0.0163265306122449,0.00010500094947667081,0,0.003666116435858003,0.0019962537405144,8,46.23508162856309,0.0034260319050440843,22.799999999999997,34.16501653880164,125.5,-1.379604594395521,0.12537462537462538,4,4,1,10,0.3,Sporozoan,NA,NA,NA,NA,NA,NA,NA,NA,NA,NA,NA,NA,NA,NA,NA,NA,NA,NA,NA,NA,NA,NA,NA,NA,NA,NA,NA,NA,NA
55,Hepatocystis simiae,0,-1,3,Apicomplexa,Aconoidasida,Haemosporida,Plasmodiidae,0,0,1,0,9,60,1,0.02040816326530612,0.0026513865551673036,2.590348394516343e-5,0.005884586894479768,0.0028763836205326723,10,331.9228310294761,0.19663564020311816,9.62962962962963,36.24179136906843,76,-1.60314861828436,0.07592407592407592,5,5,1,20,0.35,Sporozoan,NA,NA,NA,NA,NA,NA,NA,NA,NA,NA,NA,NA,NA,NA,NA,NA,NA,NA,NA,NA,NA,NA,NA,NA,NA,NA,NA,NA,NA
56,Hepatocystis taiwanensis,0,-1,3,Apicomplexa,Aconoidasida,Haemosporida,Plasmodiidae,0,0,1,0,1,34,0,0.004081632653061225,0,0,0.003270363866756408,0.0013635761089569613,2,0,5.082747656098716e-4,NA,NA,NA,NA,NA,1,1,1,3,0.6666666666666666,Sporozoan,NA,NA,NA,NA,NA,NA,NA,NA,NA,NA,NA,NA,NA,NA,NA,NA,NA,NA,NA,NA,NA,NA,NA,NA,NA,NA,NA,NA,NA
57,Hepatozoon americanum,0,-1,2,Apicomplexa,Coccidia,Eucoccidiorida,Hepatozoidae,0,0,1,1,2,937,91,0.00816326530612245,0,0,0.004972757934792009,0.0023373315334346803,4,2.6788461538461537,0.028285792323939497,55.900000000000006,20.321283099890255,417,-0.23169954550968935,0.4165834165834166,2,2,1,8,0.125,Sporozoan,1,NA,NA,NA,NA,NA,NA,NA,NA,NA,NA,NA,NA,NA,NA,NA,NA,NA,NA,NA,NA,NA,NA,NA,NA,NA,NA,NA,NA
58,Hepatozoon canis,0,-1,1,Apicomplexa,Coccidia,Eucoccidiorida,Hepatozoidae,0,0,1,1,7,2840,324,0.02040816326530612,1.10772278259963e-4,3.426602600620044e-5,0.0050573606217733475,0.002850562062386057,10,864.563209688183,0.05567153736235166,72.77551020408163,22.30551159172212,208.5,-0.9104499598400728,0.2082917082917083,5,4,0.8,11,0.36363636363636365,Sporozoan,1,NA,NA,NA,NA,NA,NA,NA,NA,NA,NA,NA,NA,NA,NA,NA,NA,NA,NA,NA,NA,NA,NA,NA,NA,NA,NA,NA,NA
59,Hepatozoon JM-1,0,-1,3,Apicomplexa,Coccidia,Eucoccidiorida,Hepatozoidae,0,0,1,1,1,5,0,0.004081632653061225,0,0,3.948125392462464e-4,NA,2,0,0,NA,NA,NA,NA,NA,1,0,0,8,0,Sporozoan,1,NA,NA,NA,NA,NA,NA,NA,NA,NA,NA,NA,NA,NA,NA,NA,NA,NA,NA,NA,NA,NA,NA,NA,NA,NA,NA,NA,NA
60,Hepatozoon JM-2,0,-1,3,Apicomplexa,Coccidia,Eucoccidiorida,Hepatozoidae,0,0,1,1,1,1,0,0.004081632653061225,0,0,3.948125392462464e-4,NA,2,0,0,NA,NA,NA,NA,NA,1,0,0,8,0,Sporozoan,1,NA,NA,NA,NA,NA,NA,NA,NA,NA,NA,NA,NA,NA,NA,NA,NA,NA,NA,NA,NA,NA,NA,NA,NA,NA,NA,NA,NA
61,Hepatozoon JM-3,0,-1,3,Apicomplexa,Coccidia,Eucoccidiorida,Hepatozoidae,0,0,1,1,1,1,0,0.004081632653061225,0,0,3.948125392462464e-4,NA,2,0,0,NA,NA,NA,NA,NA,1,0,0,8,0,Sporozoan,1,NA,NA,NA,NA,NA,NA,NA,NA,NA,NA,NA,NA,NA,NA,NA,NA,NA,NA,NA,NA,NA,NA,NA,NA,NA,NA,NA,NA
62,Hepatozoon JM-4,0,-1,3,Apicomplexa,Coccidia,Eucoccidiorida,Hepatozoidae,0,0,1,1,1,2,0,0.004081632653061225,0,0,3.948125392462464e-4,NA,2,0,0,NA,NA,NA,NA,NA,1,0,0,8,0,Sporozoan,1,NA,NA,NA,NA,NA,NA,NA,NA,NA,NA,NA,NA,NA,NA,NA,NA,NA,NA,NA,NA,NA,NA,NA,NA,NA,NA,NA,NA
63,Hepatozoon JM-5,0,-1,3,Apicomplexa,Coccidia,Eucoccidiorida,Hepatozoidae,0,0,1,1,1,1,0,0.004081632653061225,0,0,3.948125392462464e-4,NA,2,0,0,NA,NA,NA,NA,NA,1,0,0,8,0,Sporozoan,1,NA,NA,NA,NA,NA,NA,NA,NA,NA,NA,NA,NA,NA,NA,NA,NA,NA,NA,NA,NA,NA,NA,NA,NA,NA,NA,NA,NA
64,Hepatozoon JM-6,0,-1,3,Apicomplexa,Coccidia,Eucoccidiorida,Hepatozoidae,0,0,1,1,1,2,0,0.004081632653061225,0,0,3.948125392462464e-4,NA,2,0,0,NA,NA,NA,NA,NA,1,0,0,8,0,Sporozoan,1,NA,NA,NA,NA,NA,NA,NA,NA,NA,NA,NA,NA,NA,NA,NA,NA,NA,NA,NA,NA,NA,NA,NA,NA,NA,NA,NA,NA
65,Hepatozoon JM-7,0,-1,3,Apicomplexa,Coccidia,Eucoccidiorida,Hepatozoidae,0,0,1,1,1,2,0,0.004081632653061225,0,0,3.948125392462464e-4,NA,2,0,0,NA,NA,NA,NA,NA,1,0,0,8,0,Sporozoan,1,NA,NA,NA,NA,NA,NA,NA,NA,NA,NA,NA,NA,NA,NA,NA,NA,NA,NA,NA,NA,NA,NA,NA,NA,NA,NA,NA,NA
66,Hepatozoon JM-8,0,-1,3,Apicomplexa,Coccidia,Eucoccidiorida,Hepatozoidae,0,0,1,1,1,1,0,0.004081632653061225,0,0,3.948125392462464e-4,NA,2,0,0,NA,NA,NA,NA,NA,1,0,0,8,0,Sporozoan,1,NA,NA,NA,NA,NA,NA,NA,NA,NA,NA,NA,NA,NA,NA,NA,NA,NA,NA,NA,NA,NA,NA,NA,NA,NA,NA,NA,NA
67,Hepatozoon procyonis,0,-1,3,Apicomplexa,Coccidia,Eucoccidiorida,Hepatozoidae,0,0,1,1,4,92,2,0.00816326530612245,8.073415884816307e-5,0,0.005170164204415132,0.0021436376910086426,4,86.22647596118156,0.02281897853937045,12.899999999999999,31.16028950899154,237,-0.9112617192816018,0.23676323676323677,2,2,1,10,0.3,Sporozoan,1,NA,NA,NA,NA,NA,NA,NA,NA,NA,NA,NA,NA,NA,NA,NA,NA,NA,NA,NA,NA,NA,NA,NA,NA,NA,NA,NA,NA
68,Iodamoeba butschlii,0,0,1,Amoebozoa,Archamoebae,Entamoebida,Entamoebidae,1,1,0,0,54,1790,50,0.08979591836734693,0.018074667534190725,0.013097294705776232,0.0067870155556140465,0.0033252937274249198,44,7676.828553201078,0.6818376624230476,52.603566529492454,19.157947141119287,6,-2.7325596249133945,0.005994005994005994,22,21,0.9545454545454546,51,0.21568627450980393,Amoeba,0,NA,NA,NA,NA,NA,NA,NA,NA,NA,NA,NA,NA,NA,0,0,0,0,1,0,0,0,0,0,0,0,0,0,1
69,Isospora arctopitheci,0,-1,3,Apicomplexa,Coccidia,Eucoccidiorida,Eimeriidae,0,1,0,0,1,64,4,0.004081632653061225,0,0,0.004046828527274026,0.0016118684521993026,2,0,0.0062450668115248305,NA,NA,NA,NA,NA,1,1,1,5,0.4,Sporozoan,1,NA,0,1,1,NA,NA,NA,NA,NA,NA,NA,NA,NA,0,0,0,0,1,0,0,0,0,0,0,0,0,0,1
70,Isospora canis,0,-1,1,Apicomplexa,Coccidia,Eucoccidiorida,Eimeriidae,NA,NA,NA,NA,NA,2930,89,0.00816326530612245,1.720228321213543e-4,2.569951950465033e-5,0.005113762413094239,0.002347247856583286,4,9.103360961263464,0.03315434175110128,NA,NA,NA,NA,NA,2,2,1,13,0.23076923076923078,Sporozoan,1,1,0,1,1,0,0,0,1,0,0,0,0,1,0,0,0,0,1,0,0,0,0,0,0,0,0,0,1
71,Isospora cebi,0,-1,3,Apicomplexa,Coccidia,Eucoccidiorida,Eimeriidae,0,1,0,0,2,23,1,0.004081632653061225,0,0,0.004418140320136567,0.0016849256869096282,2,0,0.018106604124306237,NA,NA,NA,NA,NA,1,1,1,8,0.375,Sporozoan,1,NA,0,1,1,NA,NA,NA,NA,NA,NA,NA,NA,NA,0,0,0,0,1,0,0,0,0,0,0,0,0,0,1
72,Isospora endocallimici,0,-1,3,Apicomplexa,Coccidia,Eucoccidiorida,Eimeriidae,0,1,0,0,1,41,0,0.004081632653061225,0,0,0,NA,2,0,0,NA,NA,NA,NA,NA,1,0,0,1,0,Sporozoan,1,NA,0,1,1,NA,NA,NA,NA,NA,NA,NA,NA,NA,0,0,0,0,1,0,0,0,0,0,0,0,0,0,1
73,Isospora lutrae,0,-1,3,Apicomplexa,Coccidia,Eucoccidiorida,Eimeriidae,0,1,0,0,1,28,1,0.004081632653061225,0,0,0.004803552560829332,0.0017130005584568965,2,0,0.008468915748266763,NA,NA,NA,NA,NA,1,1,1,2,0.5,Sporozoan,1,NA,0,1,1,NA,NA,NA,NA,NA,NA,NA,NA,NA,0,0,0,0,1,0,0,0,0,0,0,0,0,0,1
74,Isospora melis,0,-1,3,Apicomplexa,Coccidia,Eucoccidiorida,Eimeriidae,0,1,0,0,9,63,2,0.004081632653061225,0,0,0.004944557039131563,0.0017323338233804974,2,0,0.013294638595454282,NA,NA,NA,NA,NA,1,1,1,7,0.14285714285714285,Sporozoan,1,NA,0,1,1,NA,NA,NA,NA,NA,NA,NA,NA,NA,0,0,0,0,1,0,0,0,0,0,0,0,0,0,1
75,Isospora papionis,0,-1,2,Apicomplexa,Coccidia,Eucoccidiorida,Eimeriidae,0,1,0,0,4,109,0,0.004081632653061225,0,0,0.005611978236428789,0.0018091190726906312,2,0,0.05285403127917333,NA,NA,NA,NA,NA,1,1,1,12,0.5,Sporozoan,1,NA,0,1,1,NA,NA,NA,NA,NA,NA,NA,NA,NA,0,0,0,0,1,0,0,0,0,0,0,0,0,0,1
76,Isospora saimirae,0,-1,3,Apicomplexa,Coccidia,Eucoccidiorida,Eimeriidae,0,1,0,0,1,3,0,0.004081632653061225,0,0,0.004483942410010942,0.001690899226496092,2,0,0.015516317770215383,NA,NA,NA,NA,NA,1,1,1,9,0.3333333333333333,Sporozoan,1,NA,0,1,1,NA,NA,NA,NA,NA,NA,NA,NA,NA,0,0,0,0,1,0,0,0,0,0,0,0,0,0,1
77,Isospora sengeri,0,-1,3,Apicomplexa,Coccidia,Eucoccidiorida,Eimeriidae,0,1,0,0,5,10,0,0.004081632653061225,0,0,1.1280358264178471e-4,NA,2,0,0,NA,NA,NA,NA,NA,1,0,0,3,0,Sporozoan,1,NA,0,1,1,NA,NA,NA,NA,NA,NA,NA,NA,NA,0,0,0,0,1,0,0,0,0,0,0,0,0,0,1
78,Isospora spilogales,0,-1,2,Apicomplexa,Coccidia,Eucoccidiorida,Eimeriidae,0,1,0,0,4,21,0,0.004081632653061225,0,0,1.1280358264178471e-4,NA,2,0,0,NA,NA,NA,NA,NA,1,0,0,3,0,Sporozoan,1,NA,0,1,1,NA,NA,NA,NA,NA,NA,NA,NA,NA,0,0,0,0,1,0,0,0,0,0,0,0,0,0,1
79,Isospora vulpis,0,-1,2,Apicomplexa,Coccidia,Eucoccidiorida,Eimeriidae,0,1,0,0,1,907,36,0.004081632653061225,0,0,0.005000958830452456,0.0017232268447633222,2,0,0.017842498040279424,NA,NA,NA,NA,NA,1,1,1,9,0.3333333333333333,Sporozoan,1,NA,0,1,1,NA,NA,NA,NA,NA,NA,NA,NA,NA,0,0,0,0,1,0,0,0,0,0,0,0,0,0,1
80,Leishmania braziliensis,0,0,1,Euglenozoa,Kinetoplastea,Trypanosomatida,Trypanosomatidae,0,0,1,0,1,33200,1887,0.004081632653061225,0,0,0.004046828527274026,0.0016118684521993026,2,0,0.006245066811524839,NA,NA,NA,NA,NA,1,1,1,5,0.4,Flagellate,1,NA,1,NA,NA,0,0,0,0,0,0,0,0,0,0,0,0,0,1,1,0,0,0,0,1,1,0,1,4
81,Leishmania chagasi,1,1,1,Euglenozoa,Kinetoplastea,Trypanosomatida,Trypanosomatidae,0,0,1,1,4,15200,1406,0.004081632653061225,0,0,0.00488815524781067,0.0017151148594595417,2,0,0.014176278905236353,NA,NA,NA,NA,NA,1,1,1,5,0.6,Flagellate,1,1,1,NA,NA,0,0,0,1,0,0,0,0,1,0,0,0,0,1,1,0,0,0,0,1,1,0,1,4
82,Leishmania donovani,0,0,1,Euglenozoa,Kinetoplastea,Trypanosomatida,Trypanosomatidae,0,0,1,1,3,47200,6697,0.004081632653061225,0,0,0.00488815524781067,0.0017186667946944212,2,0,0.013821857492325158,NA,NA,NA,NA,NA,1,1,1,5,0.4,Flagellate,1,1,1,NA,NA,0,0,0,1,0,0,0,0,1,0,0,0,0,1,1,0,0,0,0,1,1,0,1,4
83,Leishmania infantum,1,1,1,Euglenozoa,Kinetoplastea,Trypanosomatida,Trypanosomatidae,1,0,1,1,20,26600,3694,0.02857142857142857,0.0015069795529454465,6.424879876162582e-5,0.00548037405668004,0.0030848758652004486,14,272.70591812208073,0.10161010837003076,39.293,26.485644410988503,69.5,-1.4093218217787262,0.06943056943056942,7,7,1,15,0.3333333333333333,Flagellate,1,1,1,NA,NA,0,0,0,1,1,0,0,0,2,0,0,0,0,1,1,0,0,0,0,1,1,0,1,4
84,Leishmania shawi,1,1,3,Euglenozoa,Kinetoplastea,Trypanosomatida,Trypanosomatidae,0,0,1,1,2,1410,49,0.00816326530612245,8.191563434350203e-6,0,0.004502743007117905,0.002093659499958868,4,16.14792790278924,0.018419347461706554,23.6,30.136289697694945,290.5,-0.8055514260544672,0.2902097902097902,2,2,1,10,0.4,Flagellate,1,NA,1,NA,NA,NA,NA,NA,NA,NA,NA,NA,NA,NA,0,0,0,0,1,1,0,0,0,0,1,1,0,1,4
85,Neospora caninum,0,-1,1,Apicomplexa,Coccidia,Eucoccidiorida,Sarcocystidae,1,1,0,1,114,14500,2740,0.1510204081632653,0.031108622606503492,0.006557660726936611,0.006646011077311814,0.0035321571759165987,74,9902.848321313242,0.516637345389668,110.78193752829334,7.333446485173804,85.5,-1.1466295915559594,0.08541458541458541,37,34,0.918918918918919,49,0.14285714285714285,Sporozoan,NA,NA,NA,NA,NA,NA,NA,NA,NA,NA,NA,NA,NA,NA,NA,NA,NA,NA,NA,NA,NA,NA,NA,NA,NA,NA,NA,NA,NA
86,Pentatrichomonas hominis,0,0,1,Metamonada,Parabasalia,Trichomonadida,Trichomonadidae,0,1,0,0,3,1060,101,0.012244897959183673,3.2163624785918284e-5,9.345279819872847e-6,0.00488815524781067,0.002594472058797297,6,8.691064122797178,0.11161895781432761,36.48888888888889,30.479521734089808,209.5,-1.0390956412047807,0.20929070929070928,3,3,1,20,0.25,Flagellate,NA,NA,NA,NA,NA,NA,NA,NA,NA,NA,NA,NA,NA,NA,NA,NA,NA,NA,NA,NA,NA,NA,NA,NA,NA,NA,NA,NA,NA
87,Plasmodium brasilianum,1,3,3,Apicomplexa,Aconoidasida,Haemosporida,Plasmodiidae,0,0,1,0,90,1310,61,0.11836734693877551,0.007308767243244642,0.018716960055236837,0.00607259286554941,0.00308198576834947,58,7811.185362051374,0.2509689645985181,38.95091358024692,19.42628442911416,1,-3.066083639921445,9.99000999000999e-4,29,29,1,28,0.25,Sporozoan,1,NA,0,1,1,NA,NA,NA,NA,NA,NA,NA,NA,NA,0,0,1,0,1,0,0,1,0,0,0,0,0,1,3
88,Plasmodium coatneyi,0,-1,1,Apicomplexa,Aconoidasida,Haemosporida,Plasmodiidae,0,0,1,0,8,1310,72,0.012244897959183673,0.002187548222487036,0,0.004446341215797013,0.0019012305170045024,6,404.97108028156845,0.015855434322151953,21.85,32.46999188282094,186.5,-1.0976814768928869,0.1863136863136863,3,3,1,10,0.5,Sporozoan,1,NA,0,1,1,NA,NA,NA,NA,NA,NA,NA,NA,NA,0,0,1,0,1,0,0,1,0,0,0,0,0,1,3
89,Plasmodium cynomolgi,1,2,2,Apicomplexa,Aconoidasida,Haemosporida,Plasmodiidae,0,0,1,0,22,5760,298,0.0326530612244898,0.016117800480635647,0.042278707862425324,0.004775351665168886,0.0023505840127658207,16,5424.659139781942,0.041564385285302,22.522314049586775,29.433515439336368,21.5,-1.942255748430335,0.02147852147852148,8,8,1,18,0.3888888888888889,Sporozoan,1,NA,0,1,1,NA,NA,NA,NA,NA,NA,NA,NA,NA,0,0,1,0,1,0,0,1,0,0,0,0,0,1,3
90,Plasmodium eylesi,0,-1,3,Apicomplexa,Aconoidasida,Haemosporida,Plasmodiidae,0,0,1,0,2,93,1,0.004081632653061225,0,0,0.004192533154852998,0.001629078487086286,2,0,0.0041315738046387,NA,NA,NA,NA,NA,1,1,1,4,0.25,Sporozoan,1,NA,0,1,1,NA,NA,NA,NA,NA,NA,NA,NA,NA,0,0,1,0,1,0,0,1,0,0,0,0,0,1,3
91,Plasmodium falciparum,0,0,1,Apicomplexa,Aconoidasida,Haemosporida,Plasmodiidae,0,0,1,0,55,359000,40917,0.02040816326530612,0.006480361607442927,3.1773951387567675e-4,0.006222997642405122,0.002580781175802724,10,1102.2214791941128,0.13395004922539713,26.069950413223136,29.128216573701017,162,-0.8969952320178316,0.16183816183816183,5,5,1,33,0.2727272727272727,Sporozoan,1,NA,0,1,1,NA,NA,NA,NA,NA,NA,NA,NA,NA,0,0,1,0,1,0,0,1,0,0,0,0,0,1,3
92,Plasmodium fieldi,0,-1,2,Apicomplexa,Aconoidasida,Haemosporida,Plasmodiidae,0,0,1,0,5,949,16,0.00816326530612245,0,0,0.0036097146445371107,0.0017351574717780279,4,5.922753329211579,0.0021070563265513705,8.448,35.77974117823912,228,-0.9295145714037178,0.22777222777222778,2,2,1,8,0.375,Sporozoan,1,NA,0,1,1,NA,NA,NA,NA,NA,NA,NA,NA,NA,0,0,1,0,1,0,0,1,0,0,0,0,0,1,3
93,Plasmodium fragile,0,-1,2,Apicomplexa,Aconoidasida,Haemosporida,Plasmodiidae,0,0,1,0,7,7040,68,0.00816326530612245,0.0010676063475109033,0,0.004577945395545763,0.0017352629049749576,4,264.479475828897,0.024314581107759293,7.053061224489796,34.840844454220694,224.5,-0.9450046935413153,0.2242757242757243,2,2,1,11,0.5454545454545454,Sporozoan,1,NA,0,1,1,NA,NA,NA,NA,NA,NA,NA,NA,NA,0,0,1,0,1,0,0,1,0,0,0,0,0,1,3
94,Plasmodium gaboni,0,-1,3,Apicomplexa,Aconoidasida,Haemosporida,Plasmodiidae,0,0,1,0,2,105,11,0.004081632653061225,0,0,0.0048599543521502244,0.0017180629368737511,2,0,0.04889327291107075,NA,NA,NA,NA,NA,1,1,1,19,0.2631578947368421,Sporozoan,1,NA,0,1,1,NA,NA,NA,NA,NA,NA,NA,NA,NA,0,0,1,0,1,0,0,1,0,0,0,0,0,1,3
95,Plasmodium georgesi,0,-1,3,Apicomplexa,Aconoidasida,Haemosporida,Plasmodiidae,0,0,1,0,3,35,3,0.00816326530612245,5.095858954643848e-6,0,0.004812952859382814,0.0018501355979735586,4,69.07083599109232,0.045931394844373294,13.244444444444444,35.14525897679239,231,-0.9181044032939734,0.23076923076923078,2,1,0.5,13,0.23076923076923078,Sporozoan,1,NA,0,1,1,NA,NA,NA,NA,NA,NA,NA,NA,NA,0,0,1,0,1,0,0,1,0,0,0,0,0,1,3
96,Plasmodium girardi,0,-1,3,Apicomplexa,Aconoidasida,Haemosporida,Plasmodiidae,0,0,1,0,1,467,0,0.004081632653061225,0,0,0.004164332259192552,0.0016248257583382384,2,0,0.004096284996234238,NA,NA,NA,NA,NA,1,1,1,3,0.3333333333333333,Sporozoan,1,NA,0,1,1,NA,NA,NA,NA,NA,NA,NA,NA,NA,0,0,1,0,1,0,0,1,0,0,0,0,0,1,3
97,Plasmodium gonderi,0,-1,2,Apicomplexa,Aconoidasida,Haemosporida,Plasmodiidae,0,0,1,0,14,372,15,0.02857142857142857,5.124883944858888e-4,0.009714418372757825,0.005000958830452456,0.002579802403867146,14,2124.0788622489495,0.08690810579514122,17.544897959183672,30.08356116745542,18,-2.0889724743788562,0.017982017982017984,7,3,0.42857142857142855,16,0.3125,Sporozoan,1,NA,0,1,1,NA,NA,NA,NA,NA,NA,NA,NA,NA,0,0,1,0,1,0,0,1,0,0,0,0,0,1,3
98,Plasmodium hylobati,0,-1,3,Apicomplexa,Aconoidasida,Haemosporida,Plasmodiidae,0,0,1,0,5,155,5,0.004081632653061225,0,0,0,NA,2,0,0,NA,NA,NA,NA,NA,1,0,0,1,0,Sporozoan,1,NA,0,1,1,NA,NA,NA,NA,NA,NA,NA,NA,NA,0,0,1,0,1,0,0,1,0,0,0,0,0,1,3
99,Plasmodium inui,1,2,1,Apicomplexa,Aconoidasida,Haemosporida,Plasmodiidae,0,0,1,0,24,2180,48,0.04081632653061224,0.007009716916723592,0.0025429674549851504,0.004559144798438798,0.0021060150974701866,20,4646.984262693483,0.018452124586566462,22.291666666666668,28.94932382344546,8.5,-2.135828438661614,0.008491508491508492,10,10,1,14,0.35714285714285715,Sporozoan,1,NA,0,1,1,NA,NA,NA,NA,NA,NA,NA,NA,NA,0,0,1,0,1,0,0,1,0,0,0,0,0,1,3
100,Plasmodium jefferyi,0,-1,3,Apicomplexa,Aconoidasida,Haemosporida,Plasmodiidae,0,0,1,0,2,56,0,0.004081632653061225,0,0,0.004192533154852998,0.001629078487086286,2,0,0.0041315738046387015,NA,NA,NA,NA,NA,1,1,1,4,0.25,Sporozoan,1,NA,0,1,1,NA,NA,NA,NA,NA,NA,NA,NA,NA,0,0,1,0,1,0,0,1,0,0,0,0,0,1,3
101,Plasmodium knowlesi,1,3,1,Apicomplexa,Aconoidasida,Haemosporida,Plasmodiidae,0,0,1,0,10,16500,145,0.012244897959183673,0,0,0.0036097146445371107,0.0017375794623754619,6,39.51971303393719,0.0022811702975579344,18.208,33.36895540559811,174.5,-1.0844414785300758,0.17432567432567433,3,3,1,8,0.375,Sporozoan,1,NA,0,1,1,NA,NA,NA,NA,NA,NA,NA,NA,NA,0,0,1,0,1,0,0,1,0,0,0,0,0,1,3
102,Plasmodium petersi,0,-1,3,Apicomplexa,Aconoidasida,Haemosporida,Plasmodiidae,0,0,1,0,4,16600,3,0.00816326530612245,5.095858954643848e-6,0,0.004812952859382814,0.0018501355979735586,4,69.07083599109232,0.04593139484437327,11.174999999999999,34.97959460671308,232,-0.9149040511514982,0.23176823176823177,2,1,0.5,13,0.23076923076923078,Sporozoan,1,NA,0,1,1,NA,NA,NA,NA,NA,NA,NA,NA,NA,0,0,1,0,1,0,0,1,0,0,0,0,0,1,3
103,Plasmodium pitheci,0,-1,3,Apicomplexa,Aconoidasida,Haemosporida,Plasmodiidae,0,0,1,0,4,137,1,0.004081632653061225,0,0,0.004361738528815675,0.0016855923236196383,2,0,0.01764872408549533,NA,NA,NA,NA,NA,1,1,1,5,0.6,Sporozoan,1,NA,0,1,1,NA,NA,NA,NA,NA,NA,NA,NA,NA,0,0,1,0,1,0,0,1,0,0,0,0,0,1,3
104,Plasmodium reichenowi,0,-1,2,Apicomplexa,Aconoidasida,Haemosporida,Plasmodiidae,0,0,1,0,8,1640,91,0.00816326530612245,3.2163624785918284e-5,9.345279819872847e-6,0.00488815524781067,0.0023031378608073002,4,3.0107486297125194,0.08273224297751529,5.03125,34.45812580775083,233.5,-0.8828325088350568,0.23326673326673328,2,2,1,20,0.25,Sporozoan,1,NA,0,1,1,NA,NA,NA,NA,NA,NA,NA,NA,NA,0,0,1,0,1,0,0,1,0,0,0,0,0,1,3
105,Plasmodium rodhaini,0,-1,3,Apicomplexa,Aconoidasida,Haemosporida,Plasmodiidae,NA,NA,NA,NA,NA,2400,20,0.004081632653061225,0,0,0.0048599543521502244,0.0017180629368737511,2,0,0.04889327291107075,NA,NA,NA,NA,NA,1,1,1,19,0.2631578947368421,Sporozoan,1,NA,0,1,1,NA,NA,NA,NA,NA,NA,NA,NA,NA,0,0,1,0,1,0,0,1,0,0,0,0,0,1,3
106,Plasmodium schwetzi,0,-1,2,Apicomplexa,Aconoidasida,Haemosporida,Plasmodiidae,0,0,1,0,3,332,2,0.00816326530612245,3.2163624785918284e-5,9.345279819872847e-6,0.00488815524781067,0.0023031378608073002,4,3.0107486297125194,0.08273224297751529,10.222222222222221,36.19310101755171,233.5,-0.9360060010987864,0.23326673326673328,2,2,1,20,0.25,Sporozoan,1,NA,0,1,1,NA,NA,NA,NA,NA,NA,NA,NA,NA,0,0,1,0,1,0,0,1,0,0,0,0,0,1,3
107,Plasmodium shortii,0,-1,3,Apicomplexa,Aconoidasida,Haemosporida,Plasmodiidae,0,0,1,0,2,55,1,0.00816326530612245,0.0010676063475109033,0,0.004577945395545763,0.0017352629049749576,4,264.479475828897,0.02431458110775929,7.2,37.86518153063958,219.5,-0.9307030280915928,0.2192807192807193,2,2,1,11,0.5454545454545454,Sporozoan,1,NA,0,1,1,NA,NA,NA,NA,NA,NA,NA,NA,NA,0,0,1,0,1,0,0,1,0,0,0,0,0,1,3
108,Plasmodium simiovale,0,0,1,Apicomplexa,Aconoidasida,Haemosporida,Plasmodiidae,0,0,1,0,1,7270,16,0.004081632653061225,0,0,0.00452154360422487,0.0017114063729642111,2,0,0.02337342585343759,NA,NA,NA,NA,NA,1,1,1,9,0.5555555555555556,Sporozoan,1,NA,0,1,1,NA,NA,NA,NA,NA,NA,NA,NA,NA,0,0,1,0,1,0,0,1,0,0,0,0,0,1,3
109,Plasmodium simium,0,-1,2,Apicomplexa,Aconoidasida,Haemosporida,Plasmodiidae,0,0,1,0,12,679,27,0.0163265306122449,5.198460316532589e-5,0,0.005621378534982271,0.00249572014184037,8,250.21108757525244,0.051813821432963945,13.666666666666666,35.346655034928595,104.5,-1.3087429804165995,0.1043956043956044,4,4,1,15,0.26666666666666666,Sporozoan,1,NA,0,1,1,NA,NA,NA,NA,NA,NA,NA,NA,NA,0,0,1,0,1,0,0,1,0,0,0,0,0,1,3
110,Plasmodium vivax,0,0,3,Apicomplexa,Aconoidasida,Haemosporida,Plasmodiidae,0,0,1,0,11,71800,6310,0.0163265306122449,0.005354421322987966,9.345279819872847e-6,0.006194796746744676,0.0025401078099244836,8,790.6203322634417,0.12425003395052432,55.40495867768595,23.845734456075288,161.5,-1.1540469321301936,0.16133866133866134,4,4,1,32,0.28125,Sporozoan,1,NA,0,1,1,NA,NA,NA,NA,NA,NA,NA,NA,NA,0,0,1,0,1,0,0,1,0,0,0,0,0,1,3
111,Plasmodium youngi,0,-1,1,Apicomplexa,Aconoidasida,Haemosporida,Plasmodiidae,0,0,1,0,1,307,0,0.004081632653061225,0,0,0.004192533154852998,0.001629078487086286,2,0,0.004131573804638699,NA,NA,NA,NA,NA,1,1,1,4,0.25,Sporozoan,1,NA,0,1,1,NA,NA,NA,NA,NA,NA,NA,NA,NA,0,0,1,0,1,0,0,1,0,0,0,0,0,1,3
112,Retortamonas intestinalis,0,0,2,Metamonada,Eopharyngia,Retortamonadida,Retortamonadidae,1,1,0,0,3,327,5,0.012244897959183673,0.0010005463184964765,2.569951950465033e-5,0.005132563010201204,0.0024088045479801873,6,167.44363996415456,0.09519515339947056,53.777777777777786,27.878076083408576,260.5,-0.8415854318134649,0.26023976023976025,3,3,1,20,0.3,Flagellate,NA,NA,NA,NA,NA,NA,NA,NA,NA,NA,NA,NA,NA,NA,NA,NA,NA,NA,NA,NA,NA,NA,NA,NA,NA,NA,NA,NA,NA
113,Sarcocystis alceslatrans,0,-1,3,Apicomplexa,Coccidia,Eucoccidiorida,Sarcocystidae,0,1,0,1,1,40,4,0.004081632653061225,0,0,0.005113762413094239,0.0017736372231407053,2,0,0.015272974527833525,NA,NA,NA,NA,NA,1,1,1,8,0.25,Sporozoan,1,1,0,1,1,NA,NA,NA,NA,NA,NA,NA,NA,NA,1,0,0,0,1,0,0,0,0,0,0,0,0,0,2
114,Sarcocystis americana,0,-1,2,Apicomplexa,Coccidia,Eucoccidiorida,Sarcocystidae,0,1,0,1,5,624,4,0.004081632653061225,0,0,0.004953957337685044,0.0017299264242417393,2,0,0.013775273704324395,NA,NA,NA,NA,NA,1,1,1,7,0.14285714285714285,Sporozoan,1,1,0,1,1,NA,NA,NA,NA,NA,NA,NA,NA,NA,1,0,0,0,1,0,0,0,0,0,0,0,0,0,2
115,Sarcocystis arctosi,0,-1,3,Apicomplexa,Coccidia,Eucoccidiorida,Sarcocystidae,0,1,0,1,1,2580,3,0.004081632653061225,0,0,0.004803552560829332,0.0017130005584568965,2,0,0.00846891574826676,NA,NA,NA,NA,NA,1,1,1,2,0.5,Sporozoan,1,1,0,1,1,NA,NA,NA,NA,NA,NA,NA,NA,NA,1,0,0,0,1,0,0,0,0,0,0,0,0,0,2
116,Sarcocystis arieticanis,0,-1,3,Apicomplexa,Coccidia,Eucoccidiorida,Sarcocystidae,0,1,0,1,1,274,30,0.004081632653061225,0,0,5.6401791320892355e-5,NA,2,0,0,NA,NA,NA,NA,NA,1,0,0,2,0,Sporozoan,1,1,0,1,1,NA,NA,NA,NA,NA,NA,NA,NA,NA,1,0,0,0,1,0,0,0,0,0,0,0,0,0,2
117,Sarcocystis axicuonis,0,-1,3,Apicomplexa,Coccidia,Eucoccidiorida,Sarcocystidae,0,1,0,1,2,4,1,0.00816326530612245,0,0,0.003896423750418313,0.001553245361262327,4,842,9.539653951597958e-4,85.4,26.102843693064635,640.5,0.569994242638115,0.6398601398601399,2,0,0,3,0,Sporozoan,1,1,0,1,1,NA,NA,NA,NA,NA,NA,NA,NA,NA,1,0,0,0,1,0,0,0,0,0,0,0,0,0,2
118,Sarcocystis camelopardalis,0,-1,3,Apicomplexa,Coccidia,Eucoccidiorida,Sarcocystidae,0,1,0,1,1,88,1,0.004081632653061225,0,0,0.0048599543521502244,0.0017224817080271396,2,0,0.008614832326585355,NA,NA,NA,NA,NA,1,1,1,4,0.25,Sporozoan,1,1,0,1,1,NA,NA,NA,NA,NA,NA,NA,NA,NA,1,0,0,0,1,0,0,0,0,0,0,0,0,0,2
119,Sarcocystis capracanis,0,-1,2,Apicomplexa,Coccidia,Eucoccidiorida,Sarcocystidae,0,1,0,1,1,926,43,0.004081632653061225,0,0,5.6401791320892355e-5,NA,2,0,0,NA,NA,NA,NA,NA,1,0,0,2,0,Sporozoan,1,1,0,1,1,NA,NA,NA,NA,NA,NA,NA,NA,NA,1,0,0,0,1,0,0,0,0,0,0,0,0,0,2
120,Sarcocystis capreolicanis,0,-1,3,Apicomplexa,Coccidia,Eucoccidiorida,Sarcocystidae,0,1,0,1,1,71,5,0.004081632653061225,0,0,0.005151363607308167,0.0017655291482890985,2,0,0.02062109253295036,NA,NA,NA,NA,NA,1,1,1,9,0.2222222222222222,Sporozoan,1,1,0,1,1,NA,NA,NA,NA,NA,NA,NA,NA,NA,1,0,0,0,1,0,0,0,0,0,0,0,0,0,2
121,Sarcocystis danzani,0,-1,3,Apicomplexa,Coccidia,Eucoccidiorida,Sarcocystidae,0,1,0,1,1,4,0,0.004081632653061225,0,0,5.6401791320892355e-5,NA,2,0,0,NA,NA,NA,NA,NA,1,0,0,2,0,Sporozoan,1,1,0,1,1,NA,NA,NA,NA,NA,NA,NA,NA,NA,1,0,0,0,1,0,0,0,0,0,0,0,0,0,2
122,Sarcocystis dubeyella,0,-1,3,Apicomplexa,Coccidia,Eucoccidiorida,Sarcocystidae,0,1,0,1,1,8,1,0.004081632653061225,0,0,0.003575873569744575,0.0012310225013683678,2,0,1.0041319216992886e-4,NA,NA,NA,NA,NA,1,0,0,3,0,Sporozoan,1,1,0,1,1,NA,NA,NA,NA,NA,NA,NA,NA,NA,1,0,0,0,1,0,0,0,0,0,0,0,0,0,2
123,Sarcocystis elegans,0,-1,3,Apicomplexa,Coccidia,Eucoccidiorida,Sarcocystidae,0,1,0,0,1,505,0,0.004081632653061225,0,0,0.0039904267359531335,0.0016073275575526692,2,0,0.005127679681344031,NA,NA,NA,NA,NA,1,1,1,3,0.3333333333333333,Sporozoan,1,1,0,1,1,NA,NA,NA,NA,NA,NA,NA,NA,NA,1,0,0,0,1,0,0,0,0,0,0,0,0,0,2
124,Sarcocystis felis,0,-1,2,Apicomplexa,Coccidia,Eucoccidiorida,Sarcocystidae,0,1,0,1,1,2060,56,0.004081632653061225,0,0,0.00488815524781067,0.001715030468504535,2,0,0.014319928516628219,NA,NA,NA,NA,NA,1,1,1,5,0.2,Sporozoan,1,1,0,1,1,NA,NA,NA,NA,NA,NA,NA,NA,NA,1,0,0,0,1,0,0,0,0,0,0,0,0,0,2
125,Sarcocystis fusiformis,0,-1,2,Apicomplexa,Coccidia,Eucoccidiorida,Sarcocystidae,0,1,0,1,1,739,67,0.004081632653061225,0,0,0.004972757934792009,0.0017240223681957013,2,0,0.015311843710821841,NA,NA,NA,NA,NA,1,1,1,8,0.125,Sporozoan,1,1,0,1,1,NA,NA,NA,NA,NA,NA,NA,NA,NA,1,0,0,0,1,0,0,0,0,0,0,0,0,0,2
126,Sarcocystis gazellae,0,-1,2,Apicomplexa,Coccidia,Eucoccidiorida,Sarcocystidae,0,1,0,1,1,221,1,0.004081632653061225,0,0,5.6401791320892355e-5,NA,2,0,0,NA,NA,NA,NA,NA,1,0,0,2,0,Sporozoan,1,1,0,1,1,NA,NA,NA,NA,NA,NA,NA,NA,NA,1,0,0,0,1,0,0,0,0,0,0,0,0,0,2
127,Sarcocystis giraffae,0,-1,3,Apicomplexa,Coccidia,Eucoccidiorida,Sarcocystidae,0,1,0,1,1,131,1,0.004081632653061225,0,0,0.0048599543521502244,0.0017224817080271396,2,0,0.00861483232658535,NA,NA,NA,NA,NA,1,1,1,4,0.25,Sporozoan,1,1,0,1,1,NA,NA,NA,NA,NA,NA,NA,NA,NA,1,0,0,0,1,0,0,0,0,0,0,0,0,0,2
128,Sarcocystis grueneri,0,-1,3,Apicomplexa,Coccidia,Eucoccidiorida,Sarcocystidae,0,1,0,1,2,70,4,0.00816326530612245,0,0,0.005151363607308167,0.002338063201664917,4,3.395932503969431,0.03645117377241195,12.8,33.09965509186123,266.5,-0.7700131931425711,0.2662337662337662,2,2,1,9,0.2222222222222222,Sporozoan,1,1,0,1,1,NA,NA,NA,NA,NA,NA,NA,NA,NA,1,0,0,0,1,0,0,0,0,0,0,0,0,0,2
129,Sarcocystis hemioni,0,-1,3,Apicomplexa,Coccidia,Eucoccidiorida,Sarcocystidae,0,1,0,1,5,13,0,0.004081632653061225,0,0,0.004953957337685044,0.0017299264242417393,2,0,0.013775273704324397,NA,NA,NA,NA,NA,1,1,1,7,0.14285714285714285,Sporozoan,1,1,0,1,1,NA,NA,NA,NA,NA,NA,NA,NA,NA,1,0,0,0,1,0,0,0,0,0,0,0,0,0,2
130,Sarcocystis hemionilatrantis,0,-1,3,Apicomplexa,Coccidia,Eucoccidiorida,Sarcocystidae,0,1,0,1,6,71,5,0.004081632653061225,0,0,0.004953957337685044,0.0017299264242417393,2,0,0.013775273704324414,NA,NA,NA,NA,NA,1,1,1,7,0.14285714285714285,Sporozoan,1,1,0,1,1,NA,NA,NA,NA,NA,NA,NA,NA,NA,1,0,0,0,1,0,0,0,0,0,0,0,0,0,2
131,Sarcocystis hominis,1,1,1,Apicomplexa,Coccidia,Eucoccidiorida,Sarcocystidae,0,1,0,1,1,2170,62,0.004081632653061225,0,0,0.004803552560829332,0.0017130005584568965,2,0,0.008468915748266762,NA,NA,NA,NA,NA,1,1,1,2,1,Sporozoan,1,1,0,1,1,NA,NA,NA,NA,NA,NA,NA,NA,NA,1,0,0,0,1,0,0,0,0,0,0,0,0,0,2
132,Sarcocystis kirkpatricki,0,-1,3,Apicomplexa,Coccidia,Eucoccidiorida,Sarcocystidae,0,1,0,1,12,326,3,0.004081632653061225,0,0,0.005123162711647721,0.0017533164174637866,2,0,0.01938623360539161,NA,NA,NA,NA,NA,1,1,1,9,0.3333333333333333,Sporozoan,1,1,0,1,1,NA,NA,NA,NA,NA,NA,NA,NA,NA,1,0,0,0,1,0,0,0,0,0,0,0,0,0,2
133,Sarcocystis klaseriensis,0,-1,3,Apicomplexa,Coccidia,Eucoccidiorida,Sarcocystidae,0,1,0,1,1,9,1,0.004081632653061225,0,0,0.0048599543521502244,0.0017224817080271396,2,0,0.008614832326585359,NA,NA,NA,NA,NA,1,1,1,4,0.25,Sporozoan,1,1,0,1,1,NA,NA,NA,NA,NA,NA,NA,NA,NA,1,0,0,0,1,0,0,0,0,0,0,0,0,0,2
134,Sarcocystis melampi,0,-1,3,Apicomplexa,Coccidia,Eucoccidiorida,Sarcocystidae,0,1,0,1,1,4,1,0.004081632653061225,0,0,0,NA,2,0,0,NA,NA,NA,NA,NA,1,0,0,1,0,Sporozoan,1,1,0,1,1,NA,NA,NA,NA,NA,NA,NA,NA,NA,1,0,0,0,1,0,0,0,0,0,0,0,0,0,2
135,Sarcocystis mephitisi,0,-1,3,Apicomplexa,Coccidia,Eucoccidiorida,Sarcocystidae,0,1,0,1,1,16,1,0.004081632653061225,0,0,0.0048599543521502244,0.0017140675934018054,2,0,0.011512456605649393,NA,NA,NA,NA,NA,1,1,1,4,0.5,Sporozoan,1,1,0,1,1,NA,NA,NA,NA,NA,NA,NA,NA,NA,1,0,0,0,1,0,0,0,0,0,0,0,0,0,2
136,Sarcocystis mongolica,0,-1,3,Apicomplexa,Coccidia,Eucoccidiorida,Sarcocystidae,0,1,0,1,1,9,0,0.004081632653061225,0,0,5.6401791320892355e-5,NA,2,0,0,NA,NA,NA,NA,NA,1,0,0,2,0,Sporozoan,1,1,0,1,1,NA,NA,NA,NA,NA,NA,NA,NA,NA,1,0,0,0,1,0,0,0,0,0,0,0,0,0,2
137,Sarcocystis neurona,0,-1,2,Apicomplexa,Coccidia,Eucoccidiorida,Sarcocystidae,0,1,0,1,61,2860,555,0.02857142857142857,8.55546837445344e-4,7.709855851395099e-5,0.0052923680856103985,0.003142518108342007,14,198.63500822564583,0.09604378464586802,37.10997229916898,22.149497585688692,318,-0.5449827422888368,0.3176823176823177,7,7,1,15,0.2,Sporozoan,1,1,0,1,1,NA,NA,NA,NA,NA,NA,NA,NA,NA,1,0,0,0,1,0,0,0,0,0,0,0,0,0,2
138,Sarcocystis odocoileocanis,0,-1,3,Apicomplexa,Coccidia,Eucoccidiorida,Sarcocystidae,0,1,0,1,10,35,3,0.004081632653061225,0,0,0.005094961815987275,0.0017448795658526828,2,0,0.016857046381695537,NA,NA,NA,NA,NA,1,1,1,12,0.16666666666666666,Sporozoan,1,1,0,1,1,NA,NA,NA,NA,NA,NA,NA,NA,NA,1,0,0,0,1,0,0,0,0,0,0,0,0,0,2
139,Sarcocystis phacochoeri,0,-1,3,Apicomplexa,Coccidia,Eucoccidiorida,Sarcocystidae,0,1,0,1,1,11,1,0.004081632653061225,0,0,0.003575873569744575,0.0012310225013683678,2,0,1.0041319216992705e-4,NA,NA,NA,NA,NA,1,0,0,3,0,Sporozoan,1,1,0,1,1,NA,NA,NA,NA,NA,NA,NA,NA,NA,1,0,0,0,1,0,0,0,0,0,0,0,0,0,2
140,Sarcocystis rangi,0,-1,3,Apicomplexa,Coccidia,Eucoccidiorida,Sarcocystidae,0,1,0,1,1,67,5,0.004081632653061225,0,0,0.005141963308754686,0.0017859361253316627,2,0,0.013045568257973893,NA,NA,NA,NA,NA,1,1,1,9,0.1111111111111111,Sporozoan,1,1,0,1,1,NA,NA,NA,NA,NA,NA,NA,NA,NA,1,0,0,0,1,0,0,0,0,0,0,0,0,0,2
141,Sarcocystis sebeki,0,-1,3,Apicomplexa,Coccidia,Eucoccidiorida,Sarcocystidae,0,1,0,1,1,38,6,0.004081632653061225,0,0,0.004944557039131563,0.0017323338233804974,2,0,0.013294638595454288,NA,NA,NA,NA,NA,1,1,1,7,0.14285714285714285,Sporozoan,1,1,0,1,1,NA,NA,NA,NA,NA,NA,NA,NA,NA,1,0,0,0,1,0,0,0,0,0,0,0,0,0,2
142,Sarcocystis tarandivulpes,0,-1,3,Apicomplexa,Coccidia,Eucoccidiorida,Sarcocystidae,0,1,0,1,2,50,5,0.004081632653061225,0,0,0.005141963308754686,0.0017859361253316627,2,0,0.013045568257973884,NA,NA,NA,NA,NA,1,1,1,9,0.1111111111111111,Sporozoan,1,1,0,1,1,NA,NA,NA,NA,NA,NA,NA,NA,NA,1,0,0,0,1,0,0,0,0,0,0,0,0,0,2
143,Sarcocystis ursusi,0,-1,3,Apicomplexa,Coccidia,Eucoccidiorida,Sarcocystidae,0,1,0,1,1,321,1,0.004081632653061225,0,0,0.0048317534564897785,0.001713393521997502,2,0,0.010699069885338865,NA,NA,NA,NA,NA,1,1,1,3,0.6666666666666666,Sporozoan,1,1,0,1,1,NA,NA,NA,NA,NA,NA,NA,NA,NA,1,0,0,0,1,0,0,0,0,0,0,0,0,0,2
144,Sarcocystis woodhousei,0,-1,3,Apicomplexa,Coccidia,Eucoccidiorida,Sarcocystidae,0,1,0,1,1,48,1,0.004081632653061225,0,0,5.6401791320892355e-5,NA,2,0,0,NA,NA,NA,NA,NA,1,0,0,2,0,Sporozoan,1,1,0,1,1,NA,NA,NA,NA,NA,NA,NA,NA,NA,1,0,0,0,1,0,0,0,0,0,0,0,0,0,2
145,Sarcocystis youngi,0,-1,3,Apicomplexa,Coccidia,Eucoccidiorida,Sarcocystidae,0,1,0,1,3,35,0,0.004081632653061225,0,0,0.004953957337685044,0.0017299264242417393,2,0,0.013775273704324404,NA,NA,NA,NA,NA,1,1,1,7,0.14285714285714285,Sporozoan,1,1,0,1,1,NA,NA,NA,NA,NA,NA,NA,NA,NA,1,0,0,0,1,0,0,0,0,0,0,0,0,0,2
146,Theileria annae,0,-1,1,Apicomplexa,Aconoidasida,Piroplasmida,Theileriidae,0,0,1,0,2,1560,925,0.004081632653061225,0,0,0.005000958830452456,0.0017232268447633222,2,0,0.01784249804027944,NA,NA,NA,NA,NA,1,1,1,9,0.3333333333333333,Sporozoan,1,NA,0,0,1,NA,NA,NA,NA,NA,NA,NA,NA,NA,0,0,1,0,0,0,0,0,0,0,0,0,0,0,1
147,Theileria bicornis,0,-1,1,Apicomplexa,Aconoidasida,Piroplasmida,Theileriidae,0,0,1,0,1,280,163,0.004081632653061225,0,0,0.005696580923410128,0.0018609240525893124,2,0,0.0124926003088603,NA,NA,NA,NA,NA,1,1,1,32,0.03125,Sporozoan,1,NA,0,0,1,NA,NA,NA,NA,NA,NA,NA,NA,NA,0,0,1,0,0,0,0,0,0,0,0,0,0,0,1
148,Theileria buffeli,0,-1,1,Apicomplexa,Aconoidasida,Piroplasmida,Theileriidae,0,0,1,0,1,3030,32,0.004081632653061225,0,0,0.00488815524781067,0.0017272617493738643,2,0,0.008689692571054567,NA,NA,NA,NA,NA,1,1,1,5,0.2,Sporozoan,1,NA,0,0,1,NA,NA,NA,NA,NA,NA,NA,NA,NA,0,0,1,0,0,0,0,0,0,0,0,0,0,0,1
149,Theileria cervi,0,-1,1,Apicomplexa,Aconoidasida,Piroplasmida,Theileriidae,0,0,1,0,25,733,271,0.024489795918367346,0.0050129655732241585,0.004493132660063034,0.005555576445107896,0.002884313546297857,12,2155.8345632096007,0.06860558371117813,17.41248,30.181985282018754,61.5,-1.1514816903264529,0.06143856143856144,6,4,0.6666666666666666,23,0.08695652173913043,Sporozoan,1,NA,0,0,1,NA,NA,NA,NA,NA,NA,NA,NA,NA,0,0,1,0,0,0,0,0,0,0,0,0,0,0,1
150,Theileria mutans,0,-1,1,Apicomplexa,Aconoidasida,Piroplasmida,Theileriidae,0,0,1,0,1,1820,1101,0.004081632653061225,0,0,0.00488815524781067,0.0017272617493738643,2,0,0.00868969257105456,NA,NA,NA,NA,NA,1,1,1,5,0.2,Sporozoan,1,NA,0,0,1,NA,NA,NA,NA,NA,NA,NA,NA,NA,0,0,1,0,0,0,0,0,0,0,0,0,0,0,1
151,Theileria parva,0,-1,1,Apicomplexa,Aconoidasida,Piroplasmida,Theileriidae,0,0,1,0,3,9380,41,0.004081632653061225,0,0,0.00488815524781067,0.0017272617493738643,2,0,0.008689692571054562,NA,NA,NA,NA,NA,1,1,1,5,0.2,Sporozoan,1,1,0,0,1,1,0,0,0,1,0,0,0,2,0,0,1,0,0,0,0,0,0,0,0,0,0,0,1
152,Toxoplasma gondii,1,3,1,Apicomplexa,Coccidia,Eucoccidiorida,Sarcocystidae,1,1,0,1,565,196000,1516,0.3306122448979592,0.4119965638505245,0.30720177635078816,0.008920883327254473,0.003632455436566913,162,96884.02072684794,1,123.13742344045369,3.1796810674774347,49,-1.3537110300099955,0.04895104895104895,81,81,1,127,0.09448818897637795,Sporozoan,1,1,0,1,1,1,1,0,0,1,1,0,0,4,1,0,1,1,1,1,1,1,1,1,1,0,0,1,10
153,Trichomonas intestinalis,0,0,1,Metamonada,Parabasalia,Trichomonadida,Trichomonadidae,1,0,0,0,1,5620,2,0.004081632653061225,0,0,0.004624946888313173,0.001692143307539814,2,0,0.04118136066199934,NA,NA,NA,NA,NA,1,1,1,11,0.36363636363636365,Flagellate,0,NA,1,NA,NA,NA,NA,NA,NA,NA,NA,NA,NA,NA,0,0,0,0,1,0,0,0,0,0,0,0,0,0,1
154,Troglodytella abrassarti,0,-1,2,Ciliophora,Litostomatea,Entodiniomorphida,Troglodytellidae,1,0,0,0,2,140,1,0.004081632653061225,0,0,0.0048599543521502244,0.0017180629368737511,2,0,0.04889327291107075,NA,NA,NA,NA,NA,1,1,1,19,0.2631578947368421,Ciliate,NA,NA,NA,NA,NA,NA,NA,NA,NA,NA,NA,NA,NA,NA,NA,NA,NA,NA,NA,NA,NA,NA,NA,NA,NA,NA,NA,NA,NA
155,Trypanosoma brucei,1,1,1,Euglenozoa,Kinetoplastea,Trypanosomatida,Trypanosomatidae,1,0,1,0,24,77300,1544,0.061224489795918366,0.015535820071457356,0.02400335121734341,0.0050573606217733475,0.002559995739742558,30,10282.843905663769,0.0338977663674432,109.97430555555553,16.04331651866172,241.5,-0.5439768243125082,0.24125874125874125,15,15,1,16,0.1875,Flagellate,0,1,1,0,1,1,0,0,0,1,0,0,0,2,1,0,1,0,1,0,0,0,0,0,0,0,0,1,3
156,Trypanosoma cervi,0,-1,2,Euglenozoa,Kinetoplastea,Trypanosomatida,Trypanosomatidae,0,0,1,0,6,4930,288,0.00816326530612245,8.133697173106042e-4,2.0559615603720264e-4,0.005376970772591737,0.002373231855878408,4,45.84386193425075,0.03213002090952907,16.099999999999998,28.237156426040947,281,-0.7543983528003755,0.2807192807192807,2,2,1,17,0.11764705882352941,Flagellate,0,NA,1,0,0,NA,NA,NA,NA,NA,NA,NA,NA,NA,1,0,1,0,1,0,0,0,0,0,0,0,0,1,3
157,Trypanosoma congolense,0,-1,1,Euglenozoa,Kinetoplastea,Trypanosomatida,Trypanosomatidae,0,0,1,0,11,13900,0,0.0326530612244898,0.014219099782641189,0.004548814952323108,0.006081993164102891,0.002314654461575537,16,7662.426116174607,0.019857427544472783,118.96859504132232,20.430888752778195,411,0.06605182893901766,0.41058941058941056,8,6,0.75,37,0.05405405405405406,Flagellate,0,1,1,0,0,1,0,0,0,1,0,0,0,2,1,0,1,0,1,0,0,0,0,0,0,0,0,1,3
158,Trypanosoma cruzi,1,3,1,Euglenozoa,Kinetoplastea,Trypanosomatida,Trypanosomatidae,0,0,1,0,141,175000,4,0.17142857142857143,0.02910782680750013,0.05879536072273902,0.006411003613474763,0.0031820026335008366,84,25210.418305711177,0.34286480193193486,112.36477038378354,7.370771684421318,32,-2.2685915399579506,0.03196803196803197,42,42,1,39,0.20512820512820512,Flagellate,0,NA,1,0,0,NA,NA,NA,NA,NA,NA,NA,NA,NA,1,0,1,0,1,0,0,0,0,0,0,0,0,1,3
159,Trypanosoma cyclops,0,-1,3,Euglenozoa,Kinetoplastea,Trypanosomatida,Trypanosomatidae,0,0,1,0,4,858,2,0.00816326530612245,0,0,0.0036097146445371107,0.0017351574717780279,4,5.922753329211579,0.002107056326551367,8.799999999999999,36.073355312893284,236.5,-0.9230890168034926,0.23626373626373626,2,2,1,8,0.375,Flagellate,0,NA,1,0,0,NA,NA,NA,NA,NA,NA,NA,NA,NA,1,0,1,0,1,0,0,0,0,0,0,0,0,1,3
160,Trypanosoma devei,0,-1,3,Euglenozoa,Kinetoplastea,Trypanosomatida,Trypanosomatidae,0,0,1,0,8,42,4,0.024489795918367346,0,0,0.004455741514350495,0.0026603047149224624,12,893.516846255484,0.0460979419006108,26.618750000000002,29.909854642871885,45,-2.0230737660284768,0.04495504495504495,6,5,0.8333333333333334,9,0.3333333333333333,Flagellate,0,NA,1,0,0,NA,NA,NA,NA,NA,NA,NA,NA,NA,1,0,1,0,1,0,0,0,0,0,0,0,0,1,3
161,Trypanosoma diasi,0,-1,3,Euglenozoa,Kinetoplastea,Trypanosomatida,Trypanosomatidae,0,0,1,0,2,428,189,0.004081632653061225,0,0,0.004474542111457459,0.0016874167673277907,2,0,0.01475817828142806,NA,NA,NA,NA,NA,1,1,1,9,0.4444444444444444,Flagellate,0,NA,1,0,0,NA,NA,NA,NA,NA,NA,NA,NA,NA,1,0,1,0,1,0,0,0,0,0,0,0,0,1,3
162,Trypanosoma evansi,0,-1,1,Euglenozoa,Kinetoplastea,Trypanosomatida,Trypanosomatidae,0,0,1,0,8,11600,1117,0.0326530612244898,0.006200238652864043,0.00116932813746159,0.005602577937875306,0.0025655522402156113,16,3843.920763601224,0.043083606583934904,120.00625,23.031372115213223,484,0.24298367701266488,0.4835164835164835,8,5,0.625,11,0.5454545454545454,Flagellate,0,1,1,0,0,0,0,0,0,0,0,0,0,0,1,0,1,0,1,0,0,0,0,0,0,0,0,1,3
163,Trypanosoma hippicum,0,-1,3,Euglenozoa,Kinetoplastea,Trypanosomatida,Trypanosomatidae,0,0,1,0,2,288,0,0.00816326530612245,0,0,0.005536775848000932,0.002112497271051958,4,74.98279875144064,0.037995010945669976,6,37.97325783760276,227.5,-0.9314838990282251,0.22727272727272727,2,2,1,14,0.21428571428571427,Flagellate,0,NA,1,0,0,NA,NA,NA,NA,NA,NA,NA,NA,NA,1,0,1,0,1,0,0,0,0,0,0,0,0,1,3
164,Trypanosoma irangiense,0,-1,3,Euglenozoa,Kinetoplastea,Trypanosomatida,Trypanosomatidae,0,0,1,0,5,6,0,0.00816326530612245,0,0,0.003449909569127915,0.0014357248899242087,4,419,3.7253861061245497e-4,38.01599999999999,23.680087111721516,261,-0.892721930447514,0.26073926073926074,2,1,0.5,4,0.25,Flagellate,0,NA,1,0,0,NA,NA,NA,NA,NA,NA,NA,NA,NA,1,0,1,0,1,0,0,0,0,0,0,0,0,1,3
165,Trypanosoma lambrechti,0,-1,3,Euglenozoa,Kinetoplastea,Trypanosomatida,Trypanosomatidae,0,0,1,0,12,36,0,0.024489795918367346,0.001929297481845882,1.713301300310022e-5,0.005677780326303164,0.0026662176364394014,12,808.4009861348261,0.0749645631849061,34.77777777777778,28.08833690737843,54.5,-1.810420962514673,0.05444555444555445,6,6,1,19,0.2631578947368421,Flagellate,0,NA,1,0,0,NA,NA,NA,NA,NA,NA,NA,NA,NA,1,0,1,0,1,0,0,0,0,0,0,0,0,1,3
166,Trypanosoma lesourdi,0,-1,3,Euglenozoa,Kinetoplastea,Trypanosomatida,Trypanosomatidae,0,0,1,0,1,12,12,0.004081632653061225,0,0,0.0044275406186900495,0.0016881417632778483,2,0,0.011314708601678889,NA,NA,NA,NA,NA,1,1,1,5,0.6,Flagellate,0,NA,1,0,0,NA,NA,NA,NA,NA,NA,NA,NA,NA,1,0,1,0,1,0,0,0,0,0,0,0,0,1,3
167,Trypanosoma minasense,0,-1,2,Euglenozoa,Kinetoplastea,Trypanosomatida,Trypanosomatidae,0,0,1,0,55,273,0,0.11836734693877551,0.01632368121307215,0.013889733641613349,0.0061759961496377115,0.0031149601006498317,58,8106.196313306148,0.26260581954560885,38.804628099173556,18.21351706029208,4,-3.9283782115635204,0.003996003996003996,29,26,0.896551724137931,31,0.22580645161290322,Flagellate,0,NA,1,0,0,NA,NA,NA,NA,NA,NA,NA,NA,NA,1,0,1,0,1,0,0,0,0,0,0,0,0,1,3
168,Trypanosoma mycetae,0,-1,3,Euglenozoa,Kinetoplastea,Trypanosomatida,Trypanosomatidae,0,0,1,0,12,39,0,0.0326530612244898,0.0026418911223499804,1.713301300310022e-5,0.00584698570026584,0.002731849948899637,16,931.5398536985373,0.09161501289475026,19.333333333333332,29.332334540469958,18,-2.3391234704192727,0.017982017982017984,8,8,1,21,0.2857142857142857,Flagellate,0,NA,1,0,0,NA,NA,NA,NA,NA,NA,NA,NA,NA,1,0,1,0,1,0,0,0,0,0,0,0,0,1,3
169,Trypanosoma perodictici,0,-1,3,Euglenozoa,Kinetoplastea,Trypanosomatida,Trypanosomatidae,0,0,1,0,9,16,6,0.012244897959183673,0,0,0.003449909569127915,0.0014357248899242087,6,1261,3.756936087187004e-4,43.97037037037036,24.29542500815834,153,-1.1443358200435185,0.15284715284715283,3,1,0.3333333333333333,4,0.25,Flagellate,0,NA,1,0,0,NA,NA,NA,NA,NA,NA,NA,NA,NA,1,0,1,0,1,0,0,0,0,0,0,0,0,1,3
170,Trypanosoma pestanai,0,-1,3,Euglenozoa,Kinetoplastea,Trypanosomatida,Trypanosomatidae,0,0,1,0,2,106,0,0.004081632653061225,0,0,0.004944557039131563,0.0017323338233804974,2,0,0.013294638595454282,NA,NA,NA,NA,NA,1,1,1,7,0.14285714285714285,Flagellate,0,NA,1,0,0,NA,NA,NA,NA,NA,NA,NA,NA,NA,1,0,1,0,1,0,0,0,0,0,0,0,0,1,3
171,Trypanosoma primatum,0,-1,3,Euglenozoa,Kinetoplastea,Trypanosomatida,Trypanosomatidae,0,0,1,0,11,26,509,0.0163265306122449,0.004560029416165447,9.345279819872847e-6,0.005593177639321825,0.002600460436457894,8,757.5155202792503,0.1322054165160818,26.60165289256198,32.04223531502807,100.5,-1.3312504764459054,0.1003996003996004,4,4,1,27,0.2222222222222222,Flagellate,0,NA,1,0,0,NA,NA,NA,NA,NA,NA,NA,NA,NA,1,0,1,0,1,0,0,0,0,0,0,0,0,1,3
172,Trypanosoma rangeli,1,1,1,Euglenozoa,Kinetoplastea,Trypanosomatida,Trypanosomatidae,0,0,1,0,20,5600,3,0.044897959183673466,0.0020884356443445326,9.337492086689618e-5,0.005000958830452456,0.0029422153638631993,22,420.00596358209793,0.12569474265103658,28.259,25.699307584138086,8.5,-2.6054494305194504,0.008491508491508492,11,11,1,21,0.19047619047619047,Flagellate,0,NA,1,0,0,NA,NA,NA,NA,NA,NA,NA,NA,NA,1,0,1,0,1,0,0,0,0,0,0,0,0,1,3
173,Trypanosoma sanmartini,0,-1,3,Euglenozoa,Kinetoplastea,Trypanosomatida,Trypanosomatidae,0,0,1,0,1,22,76,0.004081632653061225,0,0,0.004483942410010942,0.001690899226496092,2,0,0.015516317770215393,NA,NA,NA,NA,NA,1,1,1,9,0.3333333333333333,Flagellate,0,NA,1,0,0,NA,NA,NA,NA,NA,NA,NA,NA,NA,1,0,1,0,1,0,0,0,0,0,0,0,0,1,3
174,Trypanosoma simiae,0,-1,3,Euglenozoa,Kinetoplastea,Trypanosomatida,Trypanosomatidae,0,0,1,0,8,1730,13,0.02040816326530612,0.01883385249450569,0.009945714048299678,0.005376970772591737,0.0019783787670582227,10,4897.872543032453,0.011756263052423253,103.79375,20.507378742705583,339.5,-0.09447810725388006,0.33916083916083917,5,3,0.6,17,0.11764705882352941,Flagellate,0,NA,1,0,0,NA,NA,NA,NA,NA,NA,NA,NA,NA,1,0,1,0,1,0,0,0,0,0,0,0,0,1,3
175,Trypanosoma theileri,0,-1,1,Euglenozoa,Kinetoplastea,Trypanosomatida,Trypanosomatidae,0,0,1,0,1,1940,0,0.004081632653061225,0,0,0.00488815524781067,0.0017272617493738643,2,0,0.008689692571054567,NA,NA,NA,NA,NA,1,1,1,5,0.2,Flagellate,0,1,1,0,0,1,0,0,0,1,0,0,0,2,1,0,1,0,1,0,0,0,0,0,0,0,0,1,3
176,Trypanosoma venezuelense,0,-1,2,Euglenozoa,Kinetoplastea,Trypanosomatida,Trypanosomatidae,0,0,1,0,2,157,840,0.00816326530612245,0,0,0.005536775848000932,0.002112497271051958,4,74.98279875144064,0.037995010945669976,6,37.78572301786396,228,-0.9263720432977554,0.22777222777222778,2,2,1,14,0.21428571428571427,Flagellate,0,NA,1,0,0,NA,NA,NA,NA,NA,NA,NA,NA,NA,1,0,1,0,1,0,0,0,0,0,0,0,0,1,3
177,Trypanosoma vivax,0,-1,1,Euglenozoa,Kinetoplastea,Trypanosomatida,Trypanosomatidae,0,0,1,0,11,19000,2,0.04081632653061224,0.004026895203067885,1.0279807801860132e-4,0.00452154360422487,0.0023747242569256994,20,2520.759504452909,0.008967245903071179,119.42148760330576,19.89729096805711,396,0.036892428511750376,0.3956043956043956,10,9,0.9,9,0.1111111111111111,Flagellate,0,1,1,0,0,1,0,0,0,1,0,0,0,2,1,0,1,0,1,0,0,0,0,0,0,0,0,1,3
178,Babesia bicornis,0,-1,2,Apicomplexa,Aconoidasida,Achromatorida,Babesiidae,NA,NA,NA,NA,NA,308,9,0.004081632653061225,0,0,0.005696580923410128,0.0018609240525893124,2,0,0.012492600308860288,NA,NA,NA,NA,NA,1,1,1,32,0.03125,Sporozoan,1,1,0,NA,0,1,1,1,1,1,0,1,0,6,0,0,1,0,0,0,0,0,0,0,0,0,0,0,1
179,Babesia divergens,0,0,1,Apicomplexa,Aconoidasida,Achromatorida,Babesiidae,NA,NA,NA,NA,NA,4460,414,0.012244897959183673,0,0,0.005151363607308167,0.0026527918398652176,6,11.621256158216188,0.05337138043206498,NA,NA,NA,NA,NA,3,3,1,9,0.2222222222222222,Sporozoan,1,1,0,NA,0,1,0,0,0,1,0,0,0,2,0,0,1,0,0,0,0,0,0,0,0,0,0,0,1
180,Blepharocorys jubata,0,-1,3,Ciliophora,Litostomatea,Entodiniomorphida,Blepharocorythidae,NA,NA,NA,NA,NA,22,0,0.004081632653061225,0,0,0.005132563010201204,0.0017549352478438572,2,0,0.010306209331626705,NA,NA,NA,NA,NA,1,1,1,12,0.08333333333333333,Ciliate,NA,NA,NA,NA,NA,NA,NA,NA,NA,NA,NA,NA,NA,NA,NA,NA,NA,NA,NA,NA,NA,NA,NA,NA,NA,NA,NA,NA,NA
181,Charonina hippopotami,0,-1,3,Ciliophora,Litostomatea,Entodiniomorphida,Blepharocorythidae,NA,NA,NA,NA,NA,37,0,0.004081632653061225,0,0,2.2560716528356942e-4,NA,2,0,0,NA,NA,NA,NA,NA,1,0,0,5,0,Ciliate,NA,0,0,NA,NA,NA,NA,NA,NA,NA,NA,NA,NA,NA,0,0,0,0,1,0,0,0,0,0,0,0,0,0,1
182,Cycloposthium bipalmatum,0,-1,3,Ciliophora,Litostomatea,Entodiniomorphida,Cycloposthiidae,NA,NA,NA,NA,NA,68,2,0.004081632653061225,0,0,0.005696580923410128,0.0018609240525893124,2,0,0.012492600308860293,NA,NA,NA,NA,NA,1,1,1,32,0.03125,Ciliate,NA,1,0,NA,0,0,0,0,0,0,0,1,0,1,NA,NA,NA,NA,NA,NA,NA,NA,NA,NA,NA,NA,NA,NA,NA
183,Cycloposthium corrugatum,0,-1,3,Ciliophora,Litostomatea,Entodiniomorphida,Cycloposthiidae,NA,NA,NA,NA,NA,9,0,0.004081632653061225,0,0,0.005696580923410128,0.0018609240525893124,2,0,0.012492600308860298,NA,NA,NA,NA,NA,1,1,1,32,0.03125,Ciliate,NA,1,0,NA,0,0,0,0,0,0,0,1,0,1,NA,NA,NA,NA,NA,NA,NA,NA,NA,NA,NA,NA,NA,NA,NA
184,Cycloposthium dentiferum,0,-1,3,Ciliophora,Litostomatea,Entodiniomorphida,Cycloposthiidae,NA,NA,NA,NA,NA,15,1,0.004081632653061225,0,0,0.005696580923410128,0.0018609240525893124,2,0,0.012492600308860279,NA,NA,NA,NA,NA,1,1,1,32,0.03125,Ciliate,NA,1,0,NA,0,0,0,0,0,0,0,1,0,1,NA,NA,NA,NA,NA,NA,NA,NA,NA,NA,NA,NA,NA,NA,NA
185,Cycloposthium edentatum,0,-1,3,Ciliophora,Litostomatea,Entodiniomorphida,Cycloposthiidae,NA,NA,NA,NA,NA,57,5,0.004081632653061225,0,0,0.005696580923410128,0.0018609240525893124,2,0,0.012492600308860296,NA,NA,NA,NA,NA,1,1,1,32,0.03125,Ciliate,NA,1,0,NA,0,0,0,0,0,0,0,1,0,1,0,0,0,0,1,0,0,0,0,0,0,0,0,0,1
186,Cycloposthium scutigerum,0,-1,3,Ciliophora,Litostomatea,Entodiniomorphida,Cycloposthiidae,NA,NA,NA,NA,NA,12,1,0.012244897959183673,0,0,0.005696580923410128,0.0018609240525893124,6,1681.9999999999998,0.012706005175682699,NA,NA,NA,NA,NA,3,1,0.3333333333333333,32,0.03125,Ciliate,NA,1,0,NA,0,0,0,0,0,0,0,1,0,1,NA,NA,NA,NA,NA,NA,NA,NA,NA,NA,NA,NA,NA,NA,NA
187,Cyclospora cayetanensis,0,0,NA,Apicomplexa,Coccidia,Eucoccidiorida,Eimeriidae,NA,NA,NA,NA,NA,NA,NA,0.004081632653061225,0,0,0.003270363866756408,0.0013635761089569613,2,0,5.082747656098694e-4,NA,NA,NA,NA,NA,1,1,1,3,0.6666666666666666,NA,NA,NA,NA,NA,NA,NA,NA,NA,NA,NA,NA,NA,NA,NA,NA,NA,NA,NA,NA,NA,NA,NA,NA,NA,NA,NA,NA,NA,NA
188,Cystoisospora belli,0,0,1,Apicomplexa,Coccidia,Eucoccidiorida,Sarcocystidae,NA,NA,NA,NA,NA,6680,290,0.004081632653061225,0,0,0.004305336737494783,0.001676525543716623,2,0,0.017283852651204523,NA,NA,NA,NA,NA,1,1,1,4,0.75,NA,NA,NA,NA,NA,NA,NA,NA,NA,NA,NA,NA,NA,NA,NA,NA,NA,NA,NA,NA,NA,NA,NA,NA,NA,NA,NA,NA,NA,NA
189,Diplodinium anacanthum,0,-1,3,Ciliophora,Litostomatea,Entodiniomorphida,Ophryoscolecidae,NA,NA,NA,NA,NA,35,0,0.004081632653061225,0,0,0.005696580923410128,0.0018609240525893124,2,0,0.012492600308860296,NA,NA,NA,NA,NA,1,1,1,32,0.03125,Ciliate,0,1,0,0,0,1,1,1,0,1,0,0,0,4,0,0,0,0,1,0,0,0,0,0,0,0,0,0,1
190,Diplodinium dentatum,0,-1,2,Ciliophora,Litostomatea,Entodiniomorphida,Ophryoscolecidae,NA,NA,NA,NA,NA,214,5,0.004081632653061225,0,0,0.005696580923410128,0.0018609240525893124,2,0,0.012492600308860288,NA,NA,NA,NA,NA,1,1,1,32,0.03125,Ciliate,0,1,0,0,0,1,0,0,0,1,0,0,0,2,0,0,0,0,1,0,0,0,0,0,0,0,0,0,1
191,Diploplastron affine,0,-1,2,Ciliophora,Litostomatea,Entodiniomorphida,Ophryoscolecidae,NA,NA,NA,NA,NA,214,35,0.004081632653061225,0,0,0.005696580923410128,0.0018609240525893124,2,0,0.012492600308860284,NA,NA,NA,NA,NA,1,1,1,32,0.03125,Ciliate,NA,1,NA,NA,NA,1,1,0,0,1,0,0,0,3,0,0,0,0,1,0,0,0,0,0,0,0,0,0,1
192,Eimeria crispus,0,-1,2,Apicomplexa,Coccidia,Eucoccidiorida,Eimeriidae,NA,NA,NA,NA,NA,92,3,0.004081632653061225,0,0,0.0048599543521502244,0.0017224817080271396,2,0,0.008615460895872638,NA,NA,NA,NA,NA,1,1,1,4,0.25,Sporozoan,1,0,0,1,1,NA,NA,NA,NA,NA,NA,NA,NA,NA,0,0,0,0,1,0,0,0,0,0,0,0,0,0,1
193,Eimeria hreindyria,0,-1,3,Apicomplexa,Coccidia,Eucoccidiorida,Eimeriidae,NA,NA,NA,NA,NA,8,0,0.004081632653061225,0,0,0.005141963308754686,0.0017859361253316627,2,0,0.013045568257973893,NA,NA,NA,NA,NA,1,1,1,9,0.1111111111111111,Sporozoan,1,0,0,1,1,NA,NA,NA,NA,NA,NA,NA,NA,NA,0,0,0,0,1,0,0,0,0,0,0,0,0,0,1
194,Eimeria kamoshika,0,-1,3,Apicomplexa,Coccidia,Eucoccidiorida,Eimeriidae,NA,NA,NA,NA,NA,7,2,0.00816326530612245,0,0,0.0048599543521502244,0.0017224817080271396,4,841.9999999999998,0.008688424508332253,NA,NA,NA,NA,NA,2,1,0.5,4,0.25,Sporozoan,1,0,0,1,1,NA,NA,NA,NA,NA,NA,NA,NA,NA,0,0,0,0,1,0,0,0,0,0,0,0,0,0,1
195,Eimeria mayeri,0,-1,3,Apicomplexa,Coccidia,Eucoccidiorida,Eimeriidae,NA,NA,NA,NA,NA,27,2,0.004081632653061225,0,0,0.005141963308754686,0.0017859361253316627,2,0,0.013045568257973901,NA,NA,NA,NA,NA,1,1,1,9,0.1111111111111111,Sporozoan,1,0,0,1,1,NA,NA,NA,NA,NA,NA,NA,NA,NA,0,0,0,0,1,0,0,0,0,0,0,0,0,0,1
196,Eimeria rangiferis,0,-1,3,Apicomplexa,Coccidia,Eucoccidiorida,Eimeriidae,NA,NA,NA,NA,NA,71,1,0.004081632653061225,0,0,0.005141963308754686,0.0017859361253316627,2,0,0.013045568257973905,NA,NA,NA,NA,NA,1,1,1,9,0.1111111111111111,Sporozoan,1,0,0,1,1,NA,NA,NA,NA,NA,NA,NA,NA,NA,0,0,0,0,1,0,0,0,0,0,0,0,0,0,1
197,Eimeria serowi,0,-1,3,Apicomplexa,Coccidia,Eucoccidiorida,Eimeriidae,NA,NA,NA,NA,NA,1,0,0.004081632653061225,0,0,0.0048599543521502244,0.0017224817080271396,2,0,0.008615460895872642,NA,NA,NA,NA,NA,1,1,1,4,0.25,Sporozoan,1,0,0,1,1,NA,NA,NA,NA,NA,NA,NA,NA,NA,0,0,0,0,1,0,0,0,0,0,0,0,0,0,1
198,Elyplastron bubali,0,-1,3,Ciliophora,Litostomatea,Entodiniomorphida,Ophryoscolecidae,NA,NA,NA,NA,NA,1,0,0.004081632653061225,0,0,0.005696580923410128,0.0018609240525893124,2,0,0.012492600308860293,NA,NA,NA,NA,NA,1,1,1,32,0.03125,Ciliate,NA,NA,NA,NA,NA,NA,NA,NA,NA,NA,NA,NA,NA,NA,0,0,0,0,1,0,0,0,0,0,0,0,0,0,1
199,Entamoeba histolytica,1,1,2,Sarcomastigophora,Lobosea,Amoebida,Endamoebidae,1,1,0,0,96,5,0,0.10612244897959183,0.04191491392865865,0.07639949449898076,0.006862217944041903,0.0034492387443321895,52,12242.885045042507,0.7518771429765118,46.65499131944445,18.655645850135997,1,-2.6194067398312075,9.99000999000999e-4,26,26,1,53,0.20754716981132076,Amoeba,0,1,NA,1,NA,0,0,0,1,0,0,0,0,1,0,0,0,0,1,0,0,0,0,0,0,0,0,0,1
200,Entodinium bicornutum,0,-1,3,Ciliophora,Litostomatea,Entodiniomorphida,Ophryoscolecidae,NA,NA,NA,NA,NA,19,1,0.00816326530612245,3.127027141805467e-4,5.3968990959765704e-5,0.005771783311837984,0.002485300866721933,4,31.668775230028988,0.022798809640487007,NA,NA,NA,NA,NA,2,2,1,34,0.029411764705882353,Ciliate,0,1,NA,NA,NA,NA,NA,NA,NA,NA,NA,NA,NA,NA,0,0,0,0,1,0,0,0,0,0,0,0,0,0,1
201,Entodinium bursa,0,-1,2,Ciliophora,Litostomatea,Entodiniomorphida,Ophryoscolecidae,NA,NA,NA,NA,NA,315,9,0.004081632653061225,0,0,0.005696580923410128,0.0018609240525893124,2,0,0.012492600308860291,NA,NA,NA,NA,NA,1,1,1,32,0.03125,Ciliate,0,1,NA,NA,NA,NA,NA,NA,NA,NA,NA,NA,NA,NA,0,0,0,0,1,0,0,0,0,0,0,0,0,0,1
202,Entodinium caudatum,0,-1,1,Ciliophora,Litostomatea,Entodiniomorphida,Ophryoscolecidae,NA,NA,NA,NA,NA,1460,113,0.00816326530612245,3.127027141805467e-4,5.3968990959765704e-5,0.005771783311837984,0.002485300866721933,4,31.668775230028988,0.022798809640486997,NA,NA,NA,NA,NA,2,2,1,34,0.029411764705882353,Ciliate,0,1,NA,NA,NA,NA,NA,NA,NA,NA,NA,NA,NA,NA,0,0,0,0,1,0,0,0,0,0,0,0,0,0,1
203,Entodinium dubardi,0,-1,2,Ciliophora,Litostomatea,Entodiniomorphida,Ophryoscolecidae,NA,NA,NA,NA,NA,230,8,0.00816326530612245,3.127027141805467e-4,5.3968990959765704e-5,0.005771783311837984,0.002485300866721933,4,31.668775230028988,0.022798809640486983,NA,NA,NA,NA,NA,2,2,1,34,0.029411764705882353,Ciliate,0,1,NA,NA,NA,NA,NA,NA,NA,NA,NA,NA,NA,NA,0,0,0,0,1,0,0,0,0,0,0,0,0,0,1
204,Entodinium furca,0,-1,3,Ciliophora,Litostomatea,Entodiniomorphida,Ophryoscolecidae,NA,NA,NA,NA,NA,85,4,0.00816326530612245,3.127027141805467e-4,5.3968990959765704e-5,0.005771783311837984,0.002485300866721933,4,31.668775230028988,0.022798809640487,NA,NA,NA,NA,NA,2,2,1,34,0.029411764705882353,Ciliate,0,1,NA,NA,NA,NA,NA,NA,NA,NA,NA,NA,NA,NA,0,0,0,0,1,0,0,0,0,0,0,0,0,0,1
205,Entodinium minimum,0,-1,2,Ciliophora,Litostomatea,Entodiniomorphida,Ophryoscolecidae,NA,NA,NA,NA,NA,688,1,0.00816326530612245,3.127027141805467e-4,5.3968990959765704e-5,0.005771783311837984,0.002485300866721933,4,31.668775230028988,0.022798809640487007,NA,NA,NA,NA,NA,2,2,1,34,0.029411764705882353,Ciliate,0,1,NA,NA,NA,NA,NA,NA,NA,NA,NA,NA,NA,NA,0,0,0,0,1,0,0,0,0,0,0,0,0,0,1
206,Epidinium bulbiferum,0,-1,3,Ciliophora,Litostomatea,Entodiniomorphida,Ophryoscolecidae,NA,NA,NA,NA,NA,10,0,0.00816326530612245,3.127027141805467e-4,5.3968990959765704e-5,0.005771783311837984,0.002485300866721933,4,31.668775230028988,0.022798809640487007,NA,NA,NA,NA,NA,2,2,1,34,0.029411764705882353,Ciliate,NA,NA,NA,NA,NA,NA,NA,NA,NA,NA,NA,NA,NA,NA,NA,NA,NA,NA,NA,NA,NA,NA,NA,NA,NA,NA,NA,NA,NA
207,Epidinium caudatum,0,-1,2,Ciliophora,Litostomatea,Entodiniomorphida,Ophryoscolecidae,NA,NA,NA,NA,NA,829,46,0.004081632653061225,0,0,0.005696580923410128,0.0018609240525893124,2,0,0.012492600308860296,NA,NA,NA,NA,NA,1,1,1,32,0.03125,Ciliate,NA,NA,NA,NA,NA,NA,NA,NA,NA,NA,NA,NA,NA,NA,NA,NA,NA,NA,NA,NA,NA,NA,NA,NA,NA,NA,NA,NA,NA
208,Epidinium gigas,0,-1,3,Ciliophora,Litostomatea,Entodiniomorphida,Ophryoscolecidae,NA,NA,NA,NA,NA,33,1,0.00816326530612245,3.127027141805467e-4,5.3968990959765704e-5,0.005771783311837984,0.002485300866721933,4,31.668775230028988,0.022798809640486997,NA,NA,NA,NA,NA,2,2,1,34,0.029411764705882353,Ciliate,NA,NA,NA,NA,NA,NA,NA,NA,NA,NA,NA,NA,NA,NA,NA,NA,NA,NA,NA,NA,NA,NA,NA,NA,NA,NA,NA,NA,NA
209,Eudiplodinium maggi,0,-1,3,Ciliophora,Litostomatea,Entodiniomorphida,Ophryoscolecidae,NA,NA,NA,NA,NA,82,2,0.00816326530612245,3.127027141805467e-4,5.3968990959765704e-5,0.005771783311837984,0.002485300866721933,4,31.668775230028988,0.022798809640487007,NA,NA,NA,NA,NA,2,2,1,34,0.029411764705882353,Ciliate,NA,NA,NA,NA,NA,NA,NA,NA,NA,NA,NA,NA,NA,NA,NA,NA,NA,NA,NA,NA,NA,NA,NA,NA,NA,NA,NA,NA,NA
210,Metadinium medium,0,-1,2,Ciliophora,Litostomatea,Entodiniomorphida,Ophryoscolecidae,NA,NA,NA,NA,NA,256,8,0.00816326530612245,3.127027141805467e-4,5.3968990959765704e-5,0.005771783311837984,0.002485300866721933,4,31.668775230028988,0.022798809640486997,NA,NA,NA,NA,NA,2,2,1,34,0.029411764705882353,Ciliate,NA,NA,NA,NA,NA,NA,NA,NA,NA,NA,NA,NA,NA,NA,NA,NA,NA,NA,NA,NA,NA,NA,NA,NA,NA,NA,NA,NA,NA
211,Ostracodinium gracile,0,-1,2,Ciliophora,Litostomatea,Entodiniomorphida,Ophryoscolecidae,NA,NA,NA,NA,NA,111,7,0.004081632653061225,0,0,0.005696580923410128,0.0018609240525893124,2,0,0.012492600308860296,NA,NA,NA,NA,NA,1,1,1,32,0.03125,Ciliate,NA,NA,NA,NA,NA,NA,NA,NA,NA,NA,NA,NA,NA,NA,NA,NA,NA,NA,NA,NA,NA,NA,NA,NA,NA,NA,NA,NA,NA
212,Ostracodinium mammosum,0,-1,3,Ciliophora,Litostomatea,Entodiniomorphida,Ophryoscolecidae,NA,NA,NA,NA,NA,45,5,0.004081632653061225,0,0,0.005696580923410128,0.0018609240525893124,2,0,0.012492600308860303,NA,NA,NA,NA,NA,1,1,1,32,0.03125,Ciliate,NA,NA,NA,NA,NA,NA,NA,NA,NA,NA,NA,NA,NA,NA,NA,NA,NA,NA,NA,NA,NA,NA,NA,NA,NA,NA,NA,NA,NA
213,Ostracodinium trivesiculatum,0,-1,3,Ciliophora,Litostomatea,Entodiniomorphida,Ophryoscolecidae,NA,NA,NA,NA,NA,48,1,0.004081632653061225,0,0,0.005696580923410128,0.0018609240525893124,2,0,0.012492600308860279,NA,NA,NA,NA,NA,1,1,1,32,0.03125,Ciliate,NA,NA,NA,NA,NA,NA,NA,NA,NA,NA,NA,NA,NA,NA,NA,NA,NA,NA,NA,NA,NA,NA,NA,NA,NA,NA,NA,NA,NA
214,Paraisotricha minuta,0,-1,3,Ciliophora,Litostomatea,Vestibuliferida,Paraisotrichidae,NA,NA,NA,NA,NA,37,0,0.004081632653061225,0,0,2.2560716528356942e-4,NA,2,0,0,NA,NA,NA,NA,NA,1,0,0,5,0,Ciliate,NA,NA,NA,NA,NA,NA,NA,NA,NA,NA,NA,NA,NA,NA,NA,NA,NA,NA,NA,NA,NA,NA,NA,NA,NA,NA,NA,NA,NA
215,Paraplagiopyla kiboko,0,-1,3,Ciliophora,Plagiopylea,Plagiopylida,Plagiopylidae,NA,NA,NA,NA,NA,4,0,0.004081632653061225,0,0,2.2560716528356942e-4,NA,2,0,0,NA,NA,NA,NA,NA,1,0,0,5,0,Ciliate,NA,NA,NA,NA,NA,NA,NA,NA,NA,NA,NA,NA,NA,NA,NA,NA,NA,NA,NA,NA,NA,NA,NA,NA,NA,NA,NA,NA,NA
216,Parentodinium africanum,0,-1,3,Ciliophora,Litostomatea,Entodiniomorphida,Parentodiniidae,NA,NA,NA,NA,NA,56,6,0.004081632653061225,0,0,2.2560716528356942e-4,NA,2,0,0,NA,NA,NA,NA,NA,1,0,0,5,0,Ciliate,NA,NA,NA,NA,NA,NA,NA,NA,NA,NA,NA,NA,NA,NA,NA,NA,NA,NA,NA,NA,NA,NA,NA,NA,NA,NA,NA,NA,NA
217,Parentodinium ostrea,0,-1,3,Ciliophora,Litostomatea,Entodiniomorphida,Parentodiniidae,NA,NA,NA,NA,NA,4,1,0.004081632653061225,0,0,2.2560716528356942e-4,NA,2,0,0,NA,NA,NA,NA,NA,1,0,0,5,0,Ciliate,NA,NA,NA,NA,NA,NA,NA,NA,NA,NA,NA,NA,NA,NA,NA,NA,NA,NA,NA,NA,NA,NA,NA,NA,NA,NA,NA,NA,NA
218,Polyplastron multivesiculatum,0,-1,2,Ciliophora,Litostomatea,Entodiniomorphida,Ophryoscolecidae,NA,NA,NA,NA,NA,788,68,0.004081632653061225,0,0,0.005696580923410128,0.0018609240525893124,2,0,0.012492600308860298,NA,NA,NA,NA,NA,1,1,1,32,0.03125,Ciliate,NA,NA,NA,NA,NA,NA,NA,NA,NA,NA,NA,NA,NA,NA,NA,NA,NA,NA,NA,NA,NA,NA,NA,NA,NA,NA,NA,NA,NA
219,Prototapirella gorillae,0,-1,3,Ciliophora,Litostomatea,Entodiniomorphida,Cycloposthiidae,NA,NA,NA,NA,NA,22,3,0.004081632653061225,0,0,0.004634347186866655,0.001690213942516124,2,0,0.03383897006644453,NA,NA,NA,NA,NA,1,1,1,12,0.3333333333333333,Ciliate,NA,NA,NA,NA,NA,NA,NA,NA,NA,NA,NA,NA,NA,NA,NA,NA,NA,NA,NA,NA,NA,NA,NA,NA,NA,NA,NA,NA,NA
220,Sarcocystis alces,0,-1,3,Apicomplexa,Coccidia,Eucoccidiorida,Sarcocystidae,NA,NA,NA,NA,NA,295,19,0.004081632653061225,0,0,0.005113762413094239,0.0017736372231407053,2,0,0.015272974527833516,NA,NA,NA,NA,NA,1,1,1,8,0.25,Sporozoan,1,1,0,1,1,NA,NA,NA,NA,NA,NA,NA,NA,NA,1,0,0,0,1,0,0,0,0,0,0,0,0,0,2
221,Sarcocystis hardangeri,0,-1,3,Apicomplexa,Coccidia,Eucoccidiorida,Sarcocystidae,NA,NA,NA,NA,NA,53,10,0.004081632653061225,0,0,0.005141963308754686,0.0017859361253316627,2,0,0.013045568257973884,NA,NA,NA,NA,NA,1,1,1,9,0.1111111111111111,Sporozoan,1,1,0,1,1,NA,NA,NA,NA,NA,NA,NA,NA,NA,1,0,0,0,1,0,0,0,0,0,0,0,0,0,2
222,Sarcocystis ovalis,0,-1,2,Apicomplexa,Coccidia,Eucoccidiorida,Sarcocystidae,NA,NA,NA,NA,NA,105,5,0.004081632653061225,0,0,0.005113762413094239,0.0017736372231407053,2,0,0.015272974527833522,NA,NA,NA,NA,NA,1,1,1,8,0.25,Sporozoan,1,1,0,1,1,NA,NA,NA,NA,NA,NA,NA,NA,NA,1,0,0,0,1,0,0,0,0,0,0,0,0,0,2
223,Sarcocystis scandinavica,0,-1,3,Apicomplexa,Coccidia,Eucoccidiorida,Sarcocystidae,NA,NA,NA,NA,NA,287,1,0.004081632653061225,0,0,0.005113762413094239,0.0017736372231407053,2,0,0.015272974527833513,NA,NA,NA,NA,NA,1,1,1,8,0.25,Sporozoan,1,1,0,1,1,NA,NA,NA,NA,NA,NA,NA,NA,NA,1,0,0,0,1,0,0,0,0,0,0,0,0,0,2
224,Spirodinium equi,0,-1,3,Ciliophora,Litostomatea,Entodiniomorphida,Spirodiniidae,NA,NA,NA,NA,NA,60,60,0.004081632653061225,0,0,0.005696580923410128,0.0018609240525893124,2,0,0.0124926003088603,NA,NA,NA,NA,NA,1,1,1,32,0.03125,Ciliate,NA,NA,NA,NA,NA,NA,NA,NA,NA,NA,NA,NA,NA,NA,NA,NA,NA,NA,NA,NA,NA,NA,NA,NA,NA,NA,NA,NA,NA
225,Tetratoxum parvum,0,-1,3,Ciliophora,Litostomatea,Entodiniomorphida,Ditoxidae,NA,NA,NA,NA,NA,13,3,0.004081632653061225,0,0,0.005696580923410128,0.0018609240525893124,2,0,0.012492600308860282,NA,NA,NA,NA,NA,1,1,1,32,0.03125,Ciliate,NA,NA,NA,NA,NA,NA,NA,NA,NA,NA,NA,NA,NA,NA,NA,NA,NA,NA,NA,NA,NA,NA,NA,NA,NA,NA,NA,NA,NA
226,Tetratoxum unifasciculatum,0,-1,3,Ciliophora,Litostomatea,Entodiniomorphida,Ditoxidae,NA,NA,NA,NA,NA,25,39,0.004081632653061225,0,0,0.005696580923410128,0.0018609240525893124,2,0,0.012492600308860293,NA,NA,NA,NA,NA,1,1,1,32,0.03125,Ciliate,NA,NA,NA,NA,NA,NA,NA,NA,NA,NA,NA,NA,NA,NA,NA,NA,NA,NA,NA,NA,NA,NA,NA,NA,NA,NA,NA,NA,NA
227,Triadinium galea,0,-1,3,Ciliophora,Litostomatea,Entodiniomorphida,Spirodiniidae,NA,NA,NA,NA,NA,27,254,0.004081632653061225,0,0,0.005696580923410128,0.0018609240525893124,2,0,0.012492600308860288,NA,NA,NA,NA,NA,1,1,1,32,0.03125,Ciliate,NA,NA,NA,NA,NA,NA,NA,NA,NA,NA,NA,NA,NA,NA,NA,NA,NA,NA,NA,NA,NA,NA,NA,NA,NA,NA,NA,NA,NA
228,Troglocorys cava,0,-1,2,Ciliophora,Litostomatea,Entodiniomorphida,Blepharocorythidae,NA,NA,NA,NA,NA,28,24,0.004081632653061225,0,0,0.0048599543521502244,0.0017180629368737511,2,0,0.04889327291107075,NA,NA,NA,NA,NA,1,1,1,19,0.2631578947368421,Ciliate,NA,NA,NA,NA,NA,NA,NA,NA,NA,NA,NA,NA,NA,NA,NA,NA,NA,NA,NA,NA,NA,NA,NA,NA,NA,NA,NA,NA,NA
